,accountNumber,accountType,merchantId,merchantType,transactionId,amount,currency,isCardPresent,latitude,longitude,ipAddress,transactionTimeStamp
236,3457 2300 0038 4393,AMEX,1012,étterem,5382367608,4244,HUF,True,47.5098377,19.0981019,,1522566492.0
784,4971 6636 0128 4108,DINERS,1021,ruházat,5382368156,6187,HUF,True,47.5024646,19.1347594,,1522566803.0
743,2048 8394 2499 0883,MAESTRO,1082,utazás,5382368115,291013,HUF,True,47.49721,19.0488859,,1522566811.0
384,1827 8668 3082 8609,JCB,1010,étterem,5382367756,3630,HUF,True,47.5050979,19.0504007,,1522567391.0
377,4102 8178 2671 7699,VISA,1032,egészség,5382367749,39733,HUF,True,47.510766,19.0513418,,1522567766.0
222,7855 3786 1229 3923,MASTERCARD,1002,élelmiszer,5382367594,32031,HUF,True,47.50098,19.0593837,,1522567857.0
195,1970 7083 2155 4162,DINERS,1021,ruházat,5382367567,11394,HUF,True,47.5024646,19.1347594,,1522567937.0
540,5536 9991 4371 8915,MAESTRO,1002,élelmiszer,5382367912,31598,HUF,True,47.50098,19.0593837,,1522568062.0
329,6802 3815 7284 7323,MAESTRO,1003,élelmiszer,5382367701,28954,HUF,True,47.4937711,19.0564734,,1522568100.0
771,7199 9701 4406 9813,VISA,1060,szórakozás,5382368143,4742,HUF,True,47.5031823,19.0621811,,1522568331.0
781,0848 4080 3538 6527,MASTERCARD,1041,elektronikai,5382368153,140362,HUF,True,47.4955751,19.0689243,,1522568397.0
763,0885 2850 1145 5527,DINERS,1081,utazás,5382368135,98306,HUF,True,47.492694,19.053128,,1522568458.0
34,2882 7191 8185 7940,AMEX,1052,üzemanyag,5382367406,10189,HUF,True,47.558184,19.07439,,1522568572.0
326,6802 3815 7284 7323,MAESTRO,1040,elektronikai,5382367698,116058,HUF,True,47.4983895,19.0913913,,1522568602.0
143,1438 6980 2380 5288,VISA,1080,utazás,5382367515,343912,HUF,True,47.499512,19.053063,,1522568937.0
619,5994 2646 6997 1420,DINERS,1001,élelmiszer,5382367991,35981,HUF,True,47.4993318,19.0237523,,1522569148.0
543,5536 9991 4371 8915,MAESTRO,1001,élelmiszer,5382367915,18485,HUF,True,47.4993318,19.0237523,,1522569362.0
227,9772 5993 8094 9554,JCB,1040,elektronikai,5382367599,93217,HUF,True,47.4983895,19.0913913,,1522569364.0
18,6305 5746 4340 0704,JCB,1060,szórakozás,5382367390,1895,HUF,True,47.5031823,19.0621811,,1522569393.0
549,9874 8862 7579 7955,DINERS,1041,elektronikai,5382367921,134826,HUF,True,47.4955751,19.0689243,,1522569550.0
519,6320 8765 6230 0132,DINERS,1061,szórakozás,5382367891,5316,HUF,True,47.4936625,19.0526852,,1522569822.0
768,7199 9701 4406 9813,VISA,1031,egészség,5382368140,19464,HUF,True,47.4999491,19.0571779,,1522570141.0
457,2609 8132 4446 3605,AMEX,1011,étterem,5382367829,4717,HUF,True,47.4861163,19.0647328,,1522570169.0
731,2505 4687 2263 1389,AMEX,1060,szórakozás,5382368103,6518,HUF,True,47.5031823,19.0621811,,1522570244.0
372,7905 0064 7501 4320,AMEX,1001,élelmiszer,5382367744,12641,HUF,True,47.4993318,19.0237523,,1522570371.0
401,0157 8887 6142 0844,AMEX,1042,elektronikai,5382367773,41980,HUF,True,47.517732,19.141521,,1522570534.0
790,2677 2554 3065 8298,AMEX,1021,ruházat,5382368162,15874,HUF,True,47.5024646,19.1347594,,1522570565.0
54,3097 2719 2344 1132,DINERS,1012,étterem,5382367426,7880,HUF,True,47.5098377,19.0981019,,1522570595.0
659,3082 8495 9579 7550,JCB,1081,utazás,5382368031,106309,HUF,True,47.492694,19.053128,,1522570619.0
414,9183 1014 4856 1907,MASTERCARD,1001,élelmiszer,5382367786,34822,HUF,True,47.4993318,19.0237523,,1522570621.0
29,5753 6203 8003 6263,AMEX,1003,élelmiszer,5382367401,14482,HUF,True,47.4937711,19.0564734,,1522570764.0
662,3082 8495 9579 7550,JCB,1002,élelmiszer,5382368034,25640,HUF,True,47.50098,19.0593837,,1522570787.0
472,6484 1518 1107 5967,MASTERCARD,1070,könyv,5382367844,4041,HUF,True,47.5042391,19.0599304,,1522570788.0
162,8920 6726 5399 6195,VISA,1002,élelmiszer,5382367534,19861,HUF,True,47.50098,19.0593837,,1522570899.0
416,9183 1014 4856 1907,MASTERCARD,1082,utazás,5382367788,50155,HUF,True,47.49721,19.0488859,,1522571068.0
484,2215 3804 4290 8873,MASTERCARD,1061,szórakozás,5382367856,3421,HUF,True,47.4936625,19.0526852,,1522571381.0
241,4095 9626 9863 7213,JCB,1082,utazás,5382367613,89039,HUF,True,47.49721,19.0488859,,1522571466.0
233,9331 8117 1654 4237,VISA,1032,egészség,5382367605,31853,HUF,True,47.510766,19.0513418,,1522571792.0
440,7962 3326 8922 5822,DINERS,1021,ruházat,5382367812,21273,HUF,True,47.5024646,19.1347594,,1522571857.0
71,7994 1748 7111 5434,MASTERCARD,1040,elektronikai,5382367443,29941,HUF,True,47.4983895,19.0913913,,1522572031.0
287,1918 1985 2126 8326,MAESTRO,1020,ruházat,5382367659,21578,HUF,True,7.5132144,19.0568654,,1522572160.0
296,3838 2073 5821 2331,JCB,1022,ruházat,5382367668,8617,HUF,True,47.511583,19.035859,,1522572272.0
376,4102 8178 2671 7699,VISA,1080,utazás,5382367748,155802,HUF,True,47.499512,19.053063,,1522572343.0
422,0113 0820 0716 4586,MASTERCARD,1052,üzemanyag,5382367794,10690,HUF,True,47.558184,19.07439,,1522572365.0
266,9495 3253 0311 3246,VISA,1072,könyv,5382367638,5306,HUF,True,47.496119,19.066945,,1522572481.0
445,9484 2753 7544 1381,AMEX,1003,élelmiszer,5382367817,8620,HUF,True,47.4937711,19.0564734,,1522572663.0
644,3582 2466 0292 0124,DINERS,1031,egészség,5382368016,1822,HUF,True,47.4999491,19.0571779,,1522572668.0
351,8518 5246 1391 4191,JCB,1082,utazás,5382367723,321610,HUF,True,47.49721,19.0488859,,1522572670.0
431,0775 9209 2707 8724,MASTERCARD,1031,egészség,5382367803,11523,HUF,True,47.4999491,19.0571779,,1522572769.0
777,1838 9155 0653 0480,AMEX,1020,ruházat,5382368149,14892,HUF,True,7.5132144,19.0568654,,1522572874.0
132,8762 7251 1051 5659,JCB,1081,utazás,5382367504,54123,HUF,True,47.492694,19.053128,,1522573457.0
274,8846 3464 1887 1747,JCB,1081,utazás,5382367646,154859,HUF,True,47.492694,19.053128,,1522573491.0
159,6261 9688 9464 2300,VISA,1050,üzemanyag,5382367531,17976,HUF,True,47.5135858,19.1208947,,1522573520.0
522,0387 2260 3500 6275,VISA,1002,élelmiszer,5382367894,5786,HUF,True,47.50098,19.0593837,,1522573636.0
69,9747 9807 4197 5238,JCB,1062,szórakozás,5382367441,1584,HUF,True,47.4771073,19.0602603,,1522573758.0
609,3711 6893 6030 0627,DINERS,1080,utazás,5382367981,214820,HUF,True,47.499512,19.053063,,1522573900.0
6,4786 6576 8757 2892,JCB,1081,utazás,5382367378,189730,HUF,True,47.492694,19.053128,,1522574062.0
134,8762 7251 1051 5659,JCB,1011,étterem,5382367506,7100,HUF,True,47.4861163,19.0647328,,1522574489.0
180,3334 3406 8767 7912,DINERS,1020,ruházat,5382367552,15007,HUF,True,7.5132144,19.0568654,,1522574702.0
224,5185 9040 6686 1025,MASTERCARD,1072,könyv,5382367596,4990,HUF,True,47.496119,19.066945,,1522574743.0
640,3582 2466 0292 0124,DINERS,1010,étterem,5382368012,2496,HUF,True,47.5050979,19.0504007,,1522575074.0
225,4424 3712 5658 8734,VISA,1081,utazás,5382367597,51414,HUF,True,47.492694,19.053128,,1522575111.0
301,0848 0619 2206 9236,MASTERCARD,1003,élelmiszer,5382367673,14656,HUF,True,47.4937711,19.0564734,,1522575140.0
302,0848 0619 2206 9236,MASTERCARD,1030,egészség,5382367674,18926,HUF,True,47.5065185,19.1019453,,1522575437.0
232,9331 8117 1654 4237,VISA,1060,szórakozás,5382367604,5677,HUF,True,47.5031823,19.0621811,,1522575648.0
118,6399 8417 3949 9268,DINERS,1051,üzemanyag,5382367490,9030,HUF,True,47.50853,19.0997001,,1522575817.0
331,6802 3815 7284 7323,MAESTRO,1010,étterem,5382367703,4267,HUF,True,47.5050979,19.0504007,,1522575935.0
38,2882 7191 8185 7940,AMEX,1062,szórakozás,5382367410,7339,HUF,True,47.4771073,19.0602603,,1522576034.0
153,6989 1231 9425 4901,VISA,1031,egészség,5382367525,2118,HUF,True,47.4999491,19.0571779,,1522576331.0
209,1309 4030 1655 7049,MASTERCARD,1031,egészség,5382367581,34112,HUF,True,47.4999491,19.0571779,,1522576339.0
476,2114 8487 0266 5796,MAESTRO,1021,ruházat,5382367848,22428,HUF,True,47.5024646,19.1347594,,1522576424.0
406,9183 1014 4856 1907,MASTERCARD,1050,üzemanyag,5382367778,9001,HUF,True,47.5135858,19.1208947,,1522576684.0
681,4983 7208 8996 5730,MAESTRO,1032,egészség,5382368053,27842,HUF,True,47.510766,19.0513418,,1522576719.0
437,9199 1989 8403 2332,MAESTRO,1052,üzemanyag,5382367809,17529,HUF,True,47.558184,19.07439,,1522576719.0
342,6226 6809 8191 9894,DINERS,1071,könyv,5382367714,3030,HUF,True,47.5085084,19.0194369,,1522576797.0
88,7075 3772 0425 6094,MASTERCARD,1011,étterem,5382367460,3307,HUF,True,47.4861163,19.0647328,,1522577073.0
468,2215 3804 4290 8873,MASTERCARD,1061,szórakozás,5382367840,7567,HUF,True,47.4936625,19.0526852,,1522577308.0
642,3582 2466 0292 0124,DINERS,1081,utazás,5382368014,297119,HUF,True,47.492694,19.053128,,1522577348.0
113,7472 3437 2448 1921,MAESTRO,1002,élelmiszer,5382367485,17108,HUF,True,47.50098,19.0593837,,1522577423.0
538,5536 9991 4371 8915,MAESTRO,1050,üzemanyag,5382367910,12731,HUF,True,47.5135858,19.1208947,,1522577448.0
268,3330 1032 1829 4542,AMEX,1082,utazás,5382367640,127034,HUF,True,47.49721,19.0488859,,1522577592.0
144,1438 6980 2380 5288,VISA,1022,ruházat,5382367516,23517,HUF,True,47.511583,19.035859,,1522577798.0
125,0885 2850 1145 5527,DINERS,1010,étterem,5382367497,8506,HUF,True,47.5050979,19.0504007,,1522577893.0
754,3330 1032 1829 4542,AMEX,1071,könyv,5382368126,4465,HUF,True,47.5085084,19.0194369,,1522578025.0
130,8762 7251 1051 5659,JCB,1003,élelmiszer,5382367502,8870,HUF,True,47.4937711,19.0564734,,1522578155.0
590,6183 4516 0522 5589,MASTERCARD,1020,ruházat,5382367962,25762,HUF,True,7.5132144,19.0568654,,1522578296.0
399,0157 8887 6142 0844,AMEX,1022,ruházat,5382367771,9454,HUF,True,47.511583,19.035859,,1522578464.0
675,5245 9749 2970 2292,MAESTRO,1001,élelmiszer,5382368047,4642,HUF,True,47.4993318,19.0237523,,1522578464.0
524,0387 2260 3500 6275,VISA,1052,üzemanyag,5382367896,15804,HUF,True,47.558184,19.07439,,1522578471.0
607,8880 5795 7614 8511,JCB,1010,étterem,5382367979,8696,HUF,True,47.5050979,19.0504007,,1522578486.0
219,0396 6537 2573 4657,VISA,1031,egészség,5382367591,30542,HUF,True,47.4999491,19.0571779,,1522578493.0
682,4983 7208 8996 5730,MAESTRO,1060,szórakozás,5382368054,5537,HUF,True,47.5031823,19.0621811,,1522578508.0
495,3277 9307 1801 5914,AMEX,1042,elektronikai,5382367867,70533,HUF,True,47.517732,19.141521,,1522578640.0
526,0387 2260 3500 6275,VISA,1050,üzemanyag,5382367898,9337,HUF,True,47.5135858,19.1208947,,1522578749.0
127,8762 7251 1051 5659,JCB,1082,utazás,5382367499,144295,HUF,True,47.49721,19.0488859,,1522578781.0
13,7984 9079 3341 7433,VISA,1061,szórakozás,5382367385,2548,HUF,True,47.4936625,19.0526852,,1522578813.0
559,6522 6315 4569 7791,JCB,1051,üzemanyag,5382367931,11452,HUF,True,47.50853,19.0997001,,1522578822.0
439,7962 3326 8922 5822,DINERS,1001,élelmiszer,5382367811,7552,HUF,True,47.4993318,19.0237523,,1522578839.0
433,9199 1989 8403 2332,MAESTRO,1031,egészség,5382367805,38577,HUF,True,47.4999491,19.0571779,,1522578941.0
24,0755 3950 8487 7015,VISA,1060,szórakozás,5382367396,1009,HUF,True,47.5031823,19.0621811,,1522579161.0
267,3330 1032 1829 4542,AMEX,1001,élelmiszer,5382367639,11017,HUF,True,47.4993318,19.0237523,,1522579449.0
14,7984 9079 3341 7433,VISA,1030,egészség,5382367386,24631,HUF,True,47.5065185,19.1019453,,1522579458.0
279,1918 1985 2126 8326,MAESTRO,1060,szórakozás,5382367651,7683,HUF,True,47.5031823,19.0621811,,1522579547.0
84,3636 1885 5884 0264,AMEX,1040,elektronikai,5382367456,98921,HUF,True,47.4983895,19.0913913,,1522579633.0
423,5973 6759 4486 8533,AMEX,1062,szórakozás,5382367795,4015,HUF,True,47.4771073,19.0602603,,1522579909.0
693,4142 9828 3629 9838,DINERS,1012,étterem,5382368065,7903,HUF,True,47.5098377,19.0981019,,1522580049.0
62,4771 9449 3584 4147,AMEX,1060,szórakozás,5382367434,6044,HUF,True,47.5031823,19.0621811,,1522580105.0
729,2505 4687 2263 1389,AMEX,1011,étterem,5382368101,3460,HUF,True,47.4861163,19.0647328,,1522580128.0
415,9183 1014 4856 1907,MASTERCARD,1061,szórakozás,5382367787,4623,HUF,True,47.4936625,19.0526852,,1522580149.0
122,0885 2850 1145 5527,DINERS,1070,könyv,5382367494,2880,HUF,True,47.5042391,19.0599304,,1522580163.0
101,2456 4681 6070 4659,MAESTRO,1032,egészség,5382367473,36734,HUF,True,47.510766,19.0513418,,1522580206.0
719,2000 6888 3149 4438,MASTERCARD,1010,étterem,5382368091,2336,HUF,True,47.5050979,19.0504007,,1522580379.0
496,3277 9307 1801 5914,AMEX,1011,étterem,5382367868,9466,HUF,True,47.4861163,19.0647328,,1522580552.0
293,3838 2073 5821 2331,JCB,1003,élelmiszer,5382367665,11370,HUF,True,47.4937711,19.0564734,,1522580569.0
556,7994 1748 7111 5434,MASTERCARD,1010,étterem,5382367928,9229,HUF,True,47.5050979,19.0504007,,1522580821.0
421,0113 0820 0716 4586,MASTERCARD,1072,könyv,5382367793,2419,HUF,True,47.496119,19.066945,,1522580860.0
746,3330 1032 1829 4542,AMEX,1050,üzemanyag,5382368118,15828,HUF,True,47.5135858,19.1208947,,1522580861.0
529,1681 9537 7675 0427,VISA,1022,ruházat,5382367901,6088,HUF,True,47.511583,19.035859,,1522580863.0
275,9736 2859 7871 2697,VISA,1030,egészség,5382367647,27721,HUF,True,47.5065185,19.1019453,,1522580994.0
355,8518 5246 1391 4191,JCB,1042,elektronikai,5382367727,214542,HUF,True,47.517732,19.141521,,1522581104.0
460,8444 8448 5215 1561,MAESTRO,1031,egészség,5382367832,4771,HUF,True,47.4999491,19.0571779,,1522581128.0
383,1827 8668 3082 8609,JCB,1060,szórakozás,5382367755,3338,HUF,True,47.5031823,19.0621811,,1522581147.0
212,1309 4030 1655 7049,MASTERCARD,1001,élelmiszer,5382367584,28373,HUF,True,47.4993318,19.0237523,,1522581217.0
184,8232 1719 3068 5960,MAESTRO,1011,étterem,5382367556,6776,HUF,True,47.4861163,19.0647328,,1522581252.0
82,3636 1885 5884 0264,AMEX,1031,egészség,5382367454,3027,HUF,True,47.4999491,19.0571779,,1522581297.0
632,2574 8099 7495 5565,VISA,1062,szórakozás,5382368004,6227,HUF,True,47.4771073,19.0602603,,1522581411.0
11,7984 9079 3341 7433,VISA,1011,étterem,5382367383,3700,HUF,True,47.4861163,19.0647328,,1522581606.0
668,2235 7547 3240 7056,JCB,1052,üzemanyag,5382368040,9605,HUF,True,47.558184,19.07439,,1522581652.0
436,9199 1989 8403 2332,MAESTRO,1011,étterem,5382367808,5732,HUF,True,47.4861163,19.0647328,,1522581750.0
631,2574 8099 7495 5565,VISA,1030,egészség,5382368003,29871,HUF,True,47.5065185,19.1019453,,1522581855.0
712,0978 5823 5510 0492,JCB,1040,elektronikai,5382368084,26870,HUF,True,47.4983895,19.0913913,,1522581863.0
786,3550 2061 7334 8348,JCB,1002,élelmiszer,5382368158,11097,HUF,True,47.50098,19.0593837,,1522581894.0
739,2695 3066 0729 2560,VISA,1070,könyv,5382368111,3682,HUF,True,47.5042391,19.0599304,,1522582049.0
750,3330 1032 1829 4542,AMEX,1030,egészség,5382368122,30040,HUF,True,47.5065185,19.1019453,,1522582239.0
621,3272 8911 4494 7763,MAESTRO,1002,élelmiszer,5382367993,15308,HUF,True,47.50098,19.0593837,,1522582266.0
20,6305 5746 4340 0704,JCB,1030,egészség,5382367392,17448,HUF,True,47.5065185,19.1019453,,1522582700.0
565,5245 9749 2970 2292,MAESTRO,1041,elektronikai,5382367937,70490,HUF,True,47.4955751,19.0689243,,1522582849.0
35,2882 7191 8185 7940,AMEX,1050,üzemanyag,5382367407,7262,HUF,True,47.5135858,19.1208947,,1522582859.0
420,0113 0820 0716 4586,MASTERCARD,1001,élelmiszer,5382367792,32855,HUF,True,47.4993318,19.0237523,,1522583068.0
228,9772 5993 8094 9554,JCB,1030,egészség,5382367600,27806,HUF,True,47.5065185,19.1019453,,1522583072.0
137,1153 9130 4709 4571,JCB,1061,szórakozás,5382367509,4082,HUF,True,47.4936625,19.0526852,,1522583082.0
434,9199 1989 8403 2332,MAESTRO,1021,ruházat,5382367806,16747,HUF,True,47.5024646,19.1347594,,1522583122.0
560,6522 6315 4569 7791,JCB,1060,szórakozás,5382367932,3033,HUF,True,47.5031823,19.0621811,,1522583176.0
585,2349 9546 5117 2569,MAESTRO,1080,utazás,5382367957,345385,HUF,True,47.499512,19.053063,,1522583235.0
493,3277 9307 1801 5914,AMEX,1020,ruházat,5382367865,24590,HUF,True,7.5132144,19.0568654,,1522583266.0
606,8880 5795 7614 8511,JCB,1072,könyv,5382367978,5850,HUF,True,47.496119,19.066945,,1522583582.0
657,3082 8495 9579 7550,JCB,1060,szórakozás,5382368029,7018,HUF,True,47.5031823,19.0621811,,1522583586.0
629,3582 2466 0292 0124,DINERS,1081,utazás,5382368001,330521,HUF,True,47.492694,19.053128,,1522583787.0
100,0777 3445 6344 1477,JCB,1032,egészség,5382367472,14438,HUF,True,47.510766,19.0513418,,1522583924.0
208,2744 7585 6141 8267,MAESTRO,1082,utazás,5382367580,58526,HUF,True,47.49721,19.0488859,,1522583935.0
341,6226 6809 8191 9894,DINERS,1072,könyv,5382367713,5223,HUF,True,47.496119,19.066945,,1522583948.0
206,0109 6594 4711 0506,DINERS,1080,utazás,5382367578,272323,HUF,True,47.499512,19.053063,,1522584204.0
79,2573 4643 5741 4081,MASTERCARD,1031,egészség,5382367451,1107,HUF,True,47.4999491,19.0571779,,1522584511.0
708,0978 5823 5510 0492,JCB,1032,egészség,5382368080,9682,HUF,True,47.510766,19.0513418,,1522584555.0
658,3082 8495 9579 7550,JCB,1071,könyv,5382368030,3652,HUF,True,47.5085084,19.0194369,,1522584661.0
735,2505 4687 2263 1389,AMEX,1020,ruházat,5382368107,17634,HUF,True,7.5132144,19.0568654,,1522584729.0
237,3457 2300 0038 4393,AMEX,1030,egészség,5382367609,12053,HUF,True,47.5065185,19.1019453,,1522584739.0
722,2000 6888 3149 4438,MASTERCARD,1081,utazás,5382368094,253914,HUF,True,47.492694,19.053128,,1522584893.0
694,5127 5238 1079 9542,VISA,1050,üzemanyag,5382368066,9337,HUF,True,47.5135858,19.1208947,,1522584913.0
687,0334 4321 1043 0589,VISA,1072,könyv,5382368059,3469,HUF,True,47.496119,19.066945,,1522584923.0
152,9335 5313 0711 4050,JCB,1081,utazás,5382367524,183379,HUF,True,47.492694,19.053128,,1522585013.0
480,4518 2458 3245 8228,AMEX,1021,ruházat,5382367852,11792,HUF,True,47.5024646,19.1347594,,1522585059.0
199,1859 1886 3050 7998,MAESTRO,1072,könyv,5382367571,4637,HUF,True,47.496119,19.066945,,1522585068.0
561,6522 6315 4569 7791,JCB,1050,üzemanyag,5382367933,15538,HUF,True,47.5135858,19.1208947,,1522585292.0
748,3330 1032 1829 4542,AMEX,1080,utazás,5382368120,281158,HUF,True,47.499512,19.053063,,1522585296.0
359,8377 0315 3644 7046,VISA,1072,könyv,5382367731,3265,HUF,True,47.496119,19.066945,,1522585434.0
770,7199 9701 4406 9813,VISA,1040,elektronikai,5382368142,200811,HUF,True,47.4983895,19.0913913,,1522585446.0
205,0109 6594 4711 0506,DINERS,1020,ruházat,5382367577,16812,HUF,True,7.5132144,19.0568654,,1522585449.0
312,0775 9209 2707 8724,MASTERCARD,1080,utazás,5382367684,200243,HUF,True,47.499512,19.053063,,1522585462.0
469,4624 0438 3385 3402,MASTERCARD,1021,ruházat,5382367841,6299,HUF,True,47.5024646,19.1347594,,1522585803.0
443,9484 2753 7544 1381,AMEX,1020,ruházat,5382367815,18469,HUF,True,7.5132144,19.0568654,,1522585863.0
83,3636 1885 5884 0264,AMEX,1050,üzemanyag,5382367455,12114,HUF,True,47.5135858,19.1208947,,1522585872.0
320,0755 3950 8487 7015,VISA,1031,egészség,5382367692,13059,HUF,True,47.4999491,19.0571779,,1522585966.0
515,2168 8766 1984 8431,JCB,1010,étterem,5382367887,5714,HUF,True,47.5050979,19.0504007,,1522585997.0
347,8518 5246 1391 4191,JCB,1003,élelmiszer,5382367719,11610,HUF,True,47.4937711,19.0564734,,1522586012.0
368,4566 4417 2318 2220,DINERS,1072,könyv,5382367740,4663,HUF,True,47.496119,19.066945,,1522586481.0
58,2322 8881 3983 1904,DINERS,1003,élelmiszer,5382367430,21392,HUF,True,47.4937711,19.0564734,,1522586668.0
517,6320 8765 6230 0132,DINERS,1052,üzemanyag,5382367889,14963,HUF,True,47.558184,19.07439,,1522586681.0
452,2609 8132 4446 3605,AMEX,1022,ruházat,5382367824,24053,HUF,True,47.511583,19.035859,,1522586719.0
244,2674 0052 6602 1053,MASTERCARD,1001,élelmiszer,5382367616,8667,HUF,True,47.4993318,19.0237523,,1522586873.0
74,5347 6374 4785 4117,DINERS,1081,utazás,5382367446,92295,HUF,True,47.492694,19.053128,,1522586977.0
72,2322 8881 3983 1904,DINERS,1052,üzemanyag,5382367444,13447,HUF,True,47.558184,19.07439,,1522587204.0
730,2505 4687 2263 1389,AMEX,1032,egészség,5382368102,11042,HUF,True,47.510766,19.0513418,,1522587291.0
378,4102 8178 2671 7699,VISA,1010,étterem,5382367750,3482,HUF,True,47.5050979,19.0504007,,1522587416.0
30,5753 6203 8003 6263,AMEX,1022,ruházat,5382367402,19896,HUF,True,47.511583,19.035859,,1522587458.0
454,2609 8132 4446 3605,AMEX,1071,könyv,5382367826,6642,HUF,True,47.5085084,19.0194369,,1522587628.0
170,1423 4589 8911 9803,AMEX,1082,utazás,5382367542,253944,HUF,True,47.49721,19.0488859,,1522587745.0
148,1438 6980 2380 5288,VISA,1040,elektronikai,5382367520,55468,HUF,True,47.4983895,19.0913913,,1522587999.0
783,6766 5687 4700 5615,JCB,1080,utazás,5382368155,293379,HUF,True,47.499512,19.053063,,1522588146.0
86,3636 1885 5884 0264,AMEX,1002,élelmiszer,5382367458,31660,HUF,True,47.50098,19.0593837,,1522588389.0
17,6305 5746 4340 0704,JCB,1070,könyv,5382367389,4140,HUF,True,47.5042391,19.0599304,,1522588492.0
533,1681 9537 7675 0427,VISA,1001,élelmiszer,5382367905,3801,HUF,True,47.4993318,19.0237523,,1522588649.0
579,1037 4812 7614 5533,AMEX,1062,szórakozás,5382367951,6392,HUF,True,47.4771073,19.0602603,,1522588739.0
328,6802 3815 7284 7323,MAESTRO,1022,ruházat,5382367700,20095,HUF,True,47.511583,19.035859,,1522588830.0
334,6802 3815 7284 7323,MAESTRO,1001,élelmiszer,5382367706,19305,HUF,True,47.4993318,19.0237523,,1522588910.0
724,4062 7308 2737 6939,DINERS,1082,utazás,5382368096,346183,HUF,True,47.49721,19.0488859,,1522588962.0
398,0157 8887 6142 0844,AMEX,1080,utazás,5382367770,302931,HUF,True,47.499512,19.053063,,1522588971.0
536,5536 9991 4371 8915,MAESTRO,1041,elektronikai,5382367908,69590,HUF,True,47.4955751,19.0689243,,1522589032.0
594,6183 4516 0522 5589,MASTERCARD,1010,étterem,5382367966,6249,HUF,True,47.5050979,19.0504007,,1522589107.0
294,3838 2073 5821 2331,JCB,1070,könyv,5382367666,6587,HUF,True,47.5042391,19.0599304,,1522589239.0
510,2168 8766 1984 8431,JCB,1070,könyv,5382367882,6410,HUF,True,47.5042391,19.0599304,,1522589357.0
487,7534 3266 5883 0437,VISA,1022,ruházat,5382367859,12979,HUF,True,47.511583,19.035859,,1522589414.0
614,9091 0145 3126 3066,AMEX,1082,utazás,5382367986,73119,HUF,True,47.49721,19.0488859,,1522589455.0
636,3582 2466 0292 0124,DINERS,1020,ruházat,5382368008,25128,HUF,True,7.5132144,19.0568654,,1522589464.0
674,2235 7547 3240 7056,JCB,1011,étterem,5382368046,2284,HUF,True,47.4861163,19.0647328,,1522589485.0
703,5127 5238 1079 9542,VISA,1002,élelmiszer,5382368075,34750,HUF,True,47.50098,19.0593837,,1522589500.0
303,0848 0619 2206 9236,MASTERCARD,1060,szórakozás,5382367675,6223,HUF,True,47.5031823,19.0621811,,1522589614.0
535,5536 9991 4371 8915,MAESTRO,1003,élelmiszer,5382367907,15561,HUF,True,47.4937711,19.0564734,,1522589647.0
257,1838 9155 0653 0480,AMEX,1062,szórakozás,5382367629,4208,HUF,True,47.4771073,19.0602603,,1522589754.0
104,6585 8089 0574 9913,VISA,1062,szórakozás,5382367476,3305,HUF,True,47.4771073,19.0602603,,1522589766.0
116,2098 9490 7255 8249,AMEX,1001,élelmiszer,5382367488,3669,HUF,True,47.4993318,19.0237523,,1522590215.0
613,9091 0145 3126 3066,AMEX,1021,ruházat,5382367985,26018,HUF,True,47.5024646,19.1347594,,1522590304.0
732,2505 4687 2263 1389,AMEX,1040,elektronikai,5382368104,149101,HUF,True,47.4983895,19.0913913,,1522590499.0
475,2114 8487 0266 5796,MAESTRO,1050,üzemanyag,5382367847,6917,HUF,True,47.5135858,19.1208947,,1522590590.0
145,1438 6980 2380 5288,VISA,1003,élelmiszer,5382367517,17935,HUF,True,47.4937711,19.0564734,,1522590830.0
648,3582 2466 0292 0124,DINERS,1081,utazás,5382368020,288255,HUF,True,47.492694,19.053128,,1522590839.0
679,4983 7208 8996 5730,MAESTRO,1072,könyv,5382368051,5500,HUF,True,47.496119,19.066945,,1522590876.0
177,3334 3406 8767 7912,DINERS,1022,ruházat,5382367549,17957,HUF,True,47.511583,19.035859,,1522590876.0
281,1918 1985 2126 8326,MAESTRO,1032,egészség,5382367653,13825,HUF,True,47.510766,19.0513418,,1522590975.0
114,9629 7195 2667 0652,AMEX,1022,ruházat,5382367486,11584,HUF,True,47.511583,19.035859,,1522591098.0
393,0157 8887 6142 0844,AMEX,1071,könyv,5382367765,6627,HUF,True,47.5085084,19.0194369,,1522591103.0
289,3838 2073 5821 2331,JCB,1070,könyv,5382367661,3923,HUF,True,47.5042391,19.0599304,,1522591202.0
283,1918 1985 2126 8326,MAESTRO,1060,szórakozás,5382367655,4982,HUF,True,47.5031823,19.0621811,,1522591422.0
269,3330 1032 1829 4542,AMEX,1080,utazás,5382367641,237238,HUF,True,47.499512,19.053063,,1522591622.0
570,5245 9749 2970 2292,MAESTRO,1041,elektronikai,5382367942,225115,HUF,True,47.4955751,19.0689243,,1522591625.0
670,2235 7547 3240 7056,JCB,1020,ruházat,5382368042,25595,HUF,True,7.5132144,19.0568654,,1522591672.0
692,1309 4030 1655 7049,MASTERCARD,1081,utazás,5382368064,280126,HUF,True,47.492694,19.053128,,1522591764.0
482,6121 9036 8549 8870,AMEX,1041,elektronikai,5382367854,129951,HUF,True,47.4955751,19.0689243,,1522591769.0
111,7472 3437 2448 1921,MAESTRO,1050,üzemanyag,5382367483,8892,HUF,True,47.5135858,19.1208947,,1522591854.0
407,9183 1014 4856 1907,MASTERCARD,1070,könyv,5382367779,2809,HUF,True,47.5042391,19.0599304,,1522591896.0
643,3582 2466 0292 0124,DINERS,1081,utazás,5382368015,178868,HUF,True,47.492694,19.053128,,1522592084.0
608,3711 6893 6030 0627,DINERS,1082,utazás,5382367980,205673,HUF,True,47.49721,19.0488859,,1522592134.0
788,3289 7599 6806 7943,AMEX,1041,elektronikai,5382368160,35267,HUF,True,47.4955751,19.0689243,,1522592171.0
306,0848 0619 2206 9236,MASTERCARD,1030,egészség,5382367678,14357,HUF,True,47.5065185,19.1019453,,1522592181.0
473,2312 3501 8170 8849,VISA,1042,elektronikai,5382367845,64124,HUF,True,47.517732,19.141521,,1522592236.0
36,2882 7191 8185 7940,AMEX,1030,egészség,5382367408,12534,HUF,True,47.5065185,19.1019453,,1522592421.0
319,0755 3950 8487 7015,VISA,1070,könyv,5382367691,5466,HUF,True,47.5042391,19.0599304,,1522592426.0
446,9484 2753 7544 1381,AMEX,1052,üzemanyag,5382367818,10654,HUF,True,47.558184,19.07439,,1522592487.0
142,1438 6980 2380 5288,VISA,1040,elektronikai,5382367514,148098,HUF,True,47.4983895,19.0913913,,1522592535.0
532,1681 9537 7675 0427,VISA,1082,utazás,5382367904,207724,HUF,True,47.49721,19.0488859,,1522592551.0
474,2114 8487 0266 5796,MAESTRO,1070,könyv,5382367846,4851,HUF,True,47.5042391,19.0599304,,1522592625.0
736,2505 4687 2263 1389,AMEX,1022,ruházat,5382368108,12613,HUF,True,47.511583,19.035859,,1522592778.0
280,1918 1985 2126 8326,MAESTRO,1040,elektronikai,5382367652,81490,HUF,True,47.4983895,19.0913913,,1522592818.0
323,0755 3950 8487 7015,VISA,1082,utazás,5382367695,286530,HUF,True,47.49721,19.0488859,,1522593049.0
392,0157 8887 6142 0844,AMEX,1011,étterem,5382367764,3623,HUF,True,47.4861163,19.0647328,,1522593120.0
685,7922 6380 0152 6995,MASTERCARD,1062,szórakozás,5382368057,1355,HUF,True,47.4771073,19.0602603,,1522593197.0
220,0396 6537 2573 4657,VISA,1021,ruházat,5382367592,14698,HUF,True,47.5024646,19.1347594,,1522593328.0
226,9772 5993 8094 9554,JCB,1060,szórakozás,5382367598,2413,HUF,True,47.5031823,19.0621811,,1522593456.0
345,8518 5246 1391 4191,JCB,1072,könyv,5382367717,4419,HUF,True,47.496119,19.066945,,1522593489.0
91,7075 3772 0425 6094,MASTERCARD,1082,utazás,5382367463,337197,HUF,True,47.49721,19.0488859,,1522593644.0
147,1438 6980 2380 5288,VISA,1072,könyv,5382367519,2909,HUF,True,47.496119,19.066945,,1522593729.0
650,3082 8495 9579 7550,JCB,1001,élelmiszer,5382368022,26426,HUF,True,47.4993318,19.0237523,,1522593880.0
539,5536 9991 4371 8915,MAESTRO,1041,elektronikai,5382367911,200992,HUF,True,47.4955751,19.0689243,,1522593899.0
578,1037 4812 7614 5533,AMEX,1061,szórakozás,5382367950,1514,HUF,True,47.4936625,19.0526852,,1522593915.0
154,6989 1231 9425 4901,VISA,1061,szórakozás,5382367526,6736,HUF,True,47.4936625,19.0526852,,1522593970.0
605,8880 5795 7614 8511,JCB,1032,egészség,5382367977,9189,HUF,True,47.510766,19.0513418,,1522594012.0
367,8377 0315 3644 7046,VISA,1041,elektronikai,5382367739,57223,HUF,True,47.4955751,19.0689243,,1522594042.0
564,3784 6459 1912 8757,AMEX,1011,étterem,5382367936,8659,HUF,True,47.4861163,19.0647328,,1522594097.0
51,2968 4233 7834 4348,MAESTRO,1062,szórakozás,5382367423,5136,HUF,True,47.4771073,19.0602603,,1522594203.0
655,5586 8728 8505 5951,MAESTRO,1081,utazás,5382368027,296120,HUF,True,47.492694,19.053128,,1522594421.0
489,7534 3266 5883 0437,VISA,1071,könyv,5382367861,6094,HUF,True,47.5085084,19.0194369,,1522594581.0
2,4786 6576 8757 2892,JCB,1030,egészség,5382367374,30740,HUF,True,47.5065185,19.1019453,,1522594660.0
305,0848 0619 2206 9236,MASTERCARD,1060,szórakozás,5382367677,6162,HUF,True,47.5031823,19.0621811,,1522594724.0
663,3082 8495 9579 7550,JCB,1040,elektronikai,5382368035,245650,HUF,True,47.4983895,19.0913913,,1522594937.0
98,7905 0064 7501 4320,AMEX,1020,ruházat,5382367470,25162,HUF,True,7.5132144,19.0568654,,1522595169.0
601,8880 5795 7614 8511,JCB,1061,szórakozás,5382367973,1411,HUF,True,47.4936625,19.0526852,,1522595290.0
432,3444 1222 2342 4138,JCB,1081,utazás,5382367804,162293,HUF,True,47.492694,19.053128,,1522595411.0
534,1681 9537 7675 0427,VISA,1031,egészség,5382367906,20631,HUF,True,47.4999491,19.0571779,,1522595653.0
622,1016 2011 3746 4145,VISA,1052,üzemanyag,5382367994,13473,HUF,True,47.558184,19.07439,,1522595751.0
45,5174 2201 1229 1620,VISA,1020,ruházat,5382367417,9196,HUF,True,7.5132144,19.0568654,,1522595767.0
547,9874 8862 7579 7955,DINERS,1003,élelmiszer,5382367919,15469,HUF,True,47.4937711,19.0564734,,1522595858.0
77,5347 6374 4785 4117,DINERS,1012,étterem,5382367449,7322,HUF,True,47.5098377,19.0981019,,1522595961.0
385,1827 8668 3082 8609,JCB,1021,ruházat,5382367757,19992,HUF,True,47.5024646,19.1347594,,1522596227.0
569,5245 9749 2970 2292,MAESTRO,1072,könyv,5382367941,6912,HUF,True,47.496119,19.066945,,1522596302.0
338,6226 6809 8191 9894,DINERS,1041,elektronikai,5382367710,169459,HUF,True,47.4955751,19.0689243,,1522596320.0
512,2168 8766 1984 8431,JCB,1003,élelmiszer,5382367884,22893,HUF,True,47.4937711,19.0564734,,1522596539.0
466,8444 8448 5215 1561,MAESTRO,1030,egészség,5382367838,1230,HUF,True,47.5065185,19.1019453,,1522596771.0
714,0978 5823 5510 0492,JCB,1002,élelmiszer,5382368086,32128,HUF,True,47.50098,19.0593837,,1522597199.0
654,3082 8495 9579 7550,JCB,1012,étterem,5382368026,9459,HUF,True,47.5098377,19.0981019,,1522597220.0
131,8762 7251 1051 5659,JCB,1062,szórakozás,5382367503,5494,HUF,True,47.4771073,19.0602603,,1522597441.0
202,8880 5795 7614 8511,JCB,1060,szórakozás,5382367574,7833,HUF,True,47.5031823,19.0621811,,1522597447.0
1,4786 6576 8757 2892,JCB,1062,szórakozás,5382367373,1760,HUF,True,47.4771073,19.0602603,,1522597464.0
363,8377 0315 3644 7046,VISA,1070,könyv,5382367735,2312,HUF,True,47.5042391,19.0599304,,1522597574.0
461,8444 8448 5215 1561,MAESTRO,1011,étterem,5382367833,6567,HUF,True,47.4861163,19.0647328,,1522597716.0
151,1438 6980 2380 5288,VISA,1072,könyv,5382367523,6910,HUF,True,47.496119,19.066945,,1522597717.0
126,8762 7251 1051 5659,JCB,1060,szórakozás,5382367498,4961,HUF,True,47.5031823,19.0621811,,1522597885.0
297,3838 2073 5821 2331,JCB,1040,elektronikai,5382367669,70505,HUF,True,47.4983895,19.0913913,,1522597908.0
737,2695 3066 0729 2560,VISA,1021,ruházat,5382368109,22747,HUF,True,47.5024646,19.1347594,,1522597941.0
0,4786 6576 8757 2892,JCB,1060,szórakozás,5382367372,7668,HUF,True,47.5031823,19.0621811,,1522597996.0
258,1838 9155 0653 0480,AMEX,1061,szórakozás,5382367630,2429,HUF,True,47.4936625,19.0526852,,1522598101.0
260,1838 9155 0653 0480,AMEX,1062,szórakozás,5382367632,4638,HUF,True,47.4771073,19.0602603,,1522598233.0
721,2000 6888 3149 4438,MASTERCARD,1041,elektronikai,5382368093,49462,HUF,True,47.4955751,19.0689243,,1522598264.0
357,2916 3653 7303 0292,AMEX,1051,üzemanyag,5382367729,14873,HUF,True,47.50853,19.0997001,,1522598401.0
350,8518 5246 1391 4191,JCB,1003,élelmiszer,5382367722,20156,HUF,True,47.4937711,19.0564734,,1522598408.0
444,9484 2753 7544 1381,AMEX,1030,egészség,5382367816,1542,HUF,True,47.5065185,19.1019453,,1522598421.0
589,6183 4516 0522 5589,MASTERCARD,1001,élelmiszer,5382367961,34988,HUF,True,47.4993318,19.0237523,,1522598545.0
94,7905 0064 7501 4320,AMEX,1051,üzemanyag,5382367466,5573,HUF,True,47.50853,19.0997001,,1522598576.0
284,1918 1985 2126 8326,MAESTRO,1080,utazás,5382367656,286975,HUF,True,47.499512,19.053063,,1522598630.0
677,6170 7830 0693 6941,DINERS,1080,utazás,5382368049,82173,HUF,True,47.499512,19.053063,,1522598681.0
660,3082 8495 9579 7550,JCB,1040,elektronikai,5382368032,169128,HUF,True,47.4983895,19.0913913,,1522598683.0
44,3838 2073 5821 2331,JCB,1041,elektronikai,5382367416,142675,HUF,True,47.4955751,19.0689243,,1522598806.0
313,1408 3152 3603 6314,AMEX,1072,könyv,5382367685,2736,HUF,True,47.496119,19.066945,,1522598940.0
400,0157 8887 6142 0844,AMEX,1012,étterem,5382367772,3872,HUF,True,47.5098377,19.0981019,,1522599000.0
649,3082 8495 9579 7550,JCB,1032,egészség,5382368021,30468,HUF,True,47.510766,19.0513418,,1522599062.0
102,0653 6782 8628 2100,MAESTRO,1041,elektronikai,5382367474,113492,HUF,True,47.4955751,19.0689243,,1522599100.0
25,4081 2956 7848 2159,DINERS,1010,étterem,5382367397,2341,HUF,True,47.5050979,19.0504007,,1522599237.0
65,9747 9807 4197 5238,JCB,1070,könyv,5382367437,2628,HUF,True,47.5042391,19.0599304,,1522599350.0
216,3403 5988 1794 8602,MAESTRO,1032,egészség,5382367588,6453,HUF,True,47.510766,19.0513418,,1522599353.0
364,8377 0315 3644 7046,VISA,1040,elektronikai,5382367736,74491,HUF,True,47.4983895,19.0913913,,1522599360.0
325,0755 3950 8487 7015,VISA,1081,utazás,5382367697,149234,HUF,True,47.492694,19.053128,,1522599451.0
332,6802 3815 7284 7323,MAESTRO,1061,szórakozás,5382367704,1705,HUF,True,47.4936625,19.0526852,,1522599508.0
769,7199 9701 4406 9813,VISA,1001,élelmiszer,5382368141,32967,HUF,True,47.4993318,19.0237523,,1522599788.0
15,4442 6156 0149 3973,AMEX,1082,utazás,5382367387,336922,HUF,True,47.49721,19.0488859,,1522599923.0
197,1970 7083 2155 4162,DINERS,1052,üzemanyag,5382367569,9620,HUF,True,47.558184,19.07439,,1522600194.0
680,4983 7208 8996 5730,MAESTRO,1072,könyv,5382368052,6053,HUF,True,47.496119,19.066945,,1522600231.0
356,8518 5246 1391 4191,JCB,1061,szórakozás,5382367728,1777,HUF,True,47.4936625,19.0526852,,1522600240.0
354,8518 5246 1391 4191,JCB,1003,élelmiszer,5382367726,7113,HUF,True,47.4937711,19.0564734,,1522600264.0
701,5127 5238 1079 9542,VISA,1020,ruházat,5382368073,24900,HUF,True,7.5132144,19.0568654,,1522600282.0
734,2505 4687 2263 1389,AMEX,1032,egészség,5382368106,30476,HUF,True,47.510766,19.0513418,,1522600542.0
442,7962 3326 8922 5822,DINERS,1081,utazás,5382367814,118586,HUF,True,47.492694,19.053128,,1522600962.0
155,6989 1231 9425 4901,VISA,1021,ruházat,5382367527,23198,HUF,True,47.5024646,19.1347594,,1522601045.0
262,1417 9381 7629 7494,AMEX,1021,ruházat,5382367634,9698,HUF,True,47.5024646,19.1347594,,1522601089.0
317,0755 3950 8487 7015,VISA,1003,élelmiszer,5382367689,1028,HUF,True,47.4937711,19.0564734,,1522601170.0
558,6522 6315 4569 7791,JCB,1081,utazás,5382367930,96805,HUF,True,47.492694,19.053128,,1522601422.0
207,2744 7585 6141 8267,MAESTRO,1032,egészség,5382367579,10783,HUF,True,47.510766,19.0513418,,1522601445.0
272,8846 3464 1887 1747,JCB,1072,könyv,5382367644,6340,HUF,True,47.496119,19.066945,,1522601651.0
744,2048 8394 2499 0883,MAESTRO,1062,szórakozás,5382368116,6203,HUF,True,47.4771073,19.0602603,,1522601654.0
186,8270 8799 4662 8717,AMEX,1032,egészség,5382367558,23640,HUF,True,47.510766,19.0513418,,1522601693.0
683,4983 7208 8996 5730,MAESTRO,1042,elektronikai,5382368055,193720,HUF,True,47.517732,19.141521,,1522601750.0
221,0396 6537 2573 4657,VISA,1060,szórakozás,5382367593,7251,HUF,True,47.5031823,19.0621811,,1522601929.0
787,0160 5088 4563 3928,VISA,1021,ruházat,5382368159,6752,HUF,True,47.5024646,19.1347594,,1522601996.0
507,6466 1718 5890 4069,JCB,1032,egészség,5382367879,27289,HUF,True,47.510766,19.0513418,,1522602035.0
255,2719 6823 8250 7166,MASTERCARD,1061,szórakozás,5382367627,5500,HUF,True,47.4936625,19.0526852,,1522602067.0
595,7823 3162 6567 9018,MASTERCARD,1041,elektronikai,5382367967,214302,HUF,True,47.4955751,19.0689243,,1522602077.0
684,4983 7208 8996 5730,MAESTRO,1031,egészség,5382368056,34469,HUF,True,47.4999491,19.0571779,,1522602128.0
246,7203 5552 9806 3092,MAESTRO,1051,üzemanyag,5382367618,10128,HUF,True,47.50853,19.0997001,,1522602168.0
514,2168 8766 1984 8431,JCB,1051,üzemanyag,5382367886,11331,HUF,True,47.50853,19.0997001,,1522602312.0
129,8762 7251 1051 5659,JCB,1040,elektronikai,5382367501,113302,HUF,True,47.4983895,19.0913913,,1522602816.0
270,3330 1032 1829 4542,AMEX,1052,üzemanyag,5382367642,17072,HUF,True,47.558184,19.07439,,1522602907.0
798,9070 1784 6068 4395,DINERS,1072,könyv,5382368170,3526,HUF,True,47.496119,19.066945,,1522603198.0
728,9091 0145 3126 3066,AMEX,1021,ruházat,5382368100,26942,HUF,True,47.5024646,19.1347594,,1522603212.0
478,2114 8487 0266 5796,MAESTRO,1071,könyv,5382367850,3188,HUF,True,47.5085084,19.0194369,,1522603393.0
652,3082 8495 9579 7550,JCB,1040,elektronikai,5382368024,33470,HUF,True,47.4983895,19.0913913,,1522603475.0
412,9183 1014 4856 1907,MASTERCARD,1042,elektronikai,5382367784,107590,HUF,True,47.517732,19.141521,,1522603592.0
204,0109 6594 4711 0506,DINERS,1050,üzemanyag,5382367576,16262,HUF,True,47.5135858,19.1208947,,1522603731.0
553,7994 1748 7111 5434,MASTERCARD,1021,ruházat,5382367925,13655,HUF,True,47.5024646,19.1347594,,1522604035.0
465,8444 8448 5215 1561,MAESTRO,1001,élelmiszer,5382367837,19277,HUF,True,47.4993318,19.0237523,,1522604043.0
337,6226 6809 8191 9894,DINERS,1052,üzemanyag,5382367709,18168,HUF,True,47.558184,19.07439,,1522604083.0
453,2609 8132 4446 3605,AMEX,1011,étterem,5382367825,6996,HUF,True,47.4861163,19.0647328,,1522604214.0
527,0387 2260 3500 6275,VISA,1060,szórakozás,5382367899,1041,HUF,True,47.5031823,19.0621811,,1522604438.0
188,1920 0540 5425 1103,JCB,1062,szórakozás,5382367560,6894,HUF,True,47.4771073,19.0602603,,1522604438.0
541,5536 9991 4371 8915,MAESTRO,1072,könyv,5382367913,2813,HUF,True,47.496119,19.066945,,1522604479.0
778,1838 9155 0653 0480,AMEX,1041,elektronikai,5382368150,30892,HUF,True,47.4955751,19.0689243,,1522604533.0
477,2114 8487 0266 5796,MAESTRO,1040,elektronikai,5382367849,237777,HUF,True,47.4983895,19.0913913,,1522604582.0
718,2000 6888 3149 4438,MASTERCARD,1061,szórakozás,5382368090,2162,HUF,True,47.4936625,19.0526852,,1522604587.0
231,2349 9546 5117 2569,MAESTRO,1012,étterem,5382367603,5921,HUF,True,47.5098377,19.0981019,,1522604614.0
315,1408 3152 3603 6314,AMEX,1050,üzemanyag,5382367687,8629,HUF,True,47.5135858,19.1208947,,1522604807.0
435,9199 1989 8403 2332,MAESTRO,1050,üzemanyag,5382367807,11286,HUF,True,47.5135858,19.1208947,,1522605043.0
554,7994 1748 7111 5434,MASTERCARD,1001,élelmiszer,5382367926,14498,HUF,True,47.4993318,19.0237523,,1522605054.0
405,9183 1014 4856 1907,MASTERCARD,1002,élelmiszer,5382367777,15232,HUF,True,47.50098,19.0593837,,1522605117.0
201,9139 6692 9105 8146,MAESTRO,1050,üzemanyag,5382367573,5366,HUF,True,47.5135858,19.1208947,,1522605118.0
417,1672 5233 1895 7518,MASTERCARD,1012,étterem,5382367789,7560,HUF,True,47.5098377,19.0981019,,1522605219.0
39,2882 7191 8185 7940,AMEX,1010,étterem,5382367411,6730,HUF,True,47.5050979,19.0504007,,1522605242.0
67,9747 9807 4197 5238,JCB,1062,szórakozás,5382367439,2609,HUF,True,47.4771073,19.0602603,,1522605301.0
99,7905 0064 7501 4320,AMEX,1040,elektronikai,5382367471,226424,HUF,True,47.4983895,19.0913913,,1522605348.0
56,3097 2719 2344 1132,DINERS,1082,utazás,5382367428,61334,HUF,True,47.49721,19.0488859,,1522605352.0
508,2168 8766 1984 8431,JCB,1050,üzemanyag,5382367880,5873,HUF,True,47.5135858,19.1208947,,1522605381.0
706,1763 6632 3423 2417,JCB,1071,könyv,5382368078,2950,HUF,True,47.5085084,19.0194369,,1522605423.0
566,5245 9749 2970 2292,MAESTRO,1010,étterem,5382367938,6425,HUF,True,47.5050979,19.0504007,,1522605523.0
689,5165 0489 7047 7031,JCB,1001,élelmiszer,5382368061,25625,HUF,True,47.4993318,19.0237523,,1522605626.0
248,7203 5552 9806 3092,MAESTRO,1072,könyv,5382367620,4576,HUF,True,47.496119,19.066945,,1522605977.0
112,7472 3437 2448 1921,MAESTRO,1012,étterem,5382367484,6295,HUF,True,47.5098377,19.0981019,,1522606026.0
580,1037 4812 7614 5533,AMEX,1011,étterem,5382367952,3645,HUF,True,47.4861163,19.0647328,,1522606095.0
117,2098 9490 7255 8249,AMEX,1012,étterem,5382367489,9690,HUF,True,47.5098377,19.0981019,,1522606123.0
374,4102 8178 2671 7699,VISA,1003,élelmiszer,5382367746,19983,HUF,True,47.4937711,19.0564734,,1522606385.0
625,3238 5511 9696 4050,AMEX,1032,egészség,5382367997,36285,HUF,True,47.510766,19.0513418,,1522606505.0
463,8444 8448 5215 1561,MAESTRO,1021,ruházat,5382367835,7002,HUF,True,47.5024646,19.1347594,,1522606578.0
187,1920 0540 5425 1103,JCB,1070,könyv,5382367559,3672,HUF,True,47.5042391,19.0599304,,1522606706.0
492,3277 9307 1801 5914,AMEX,1022,ruházat,5382367864,14346,HUF,True,47.511583,19.035859,,1522606835.0
575,1037 4812 7614 5533,AMEX,1060,szórakozás,5382367947,1088,HUF,True,47.5031823,19.0621811,,1522607032.0
571,5245 9749 2970 2292,MAESTRO,1022,ruházat,5382367943,5452,HUF,True,47.511583,19.035859,,1522607039.0
483,0127 7581 9229 2892,MASTERCARD,1060,szórakozás,5382367855,3375,HUF,True,47.5031823,19.0621811,,1522607159.0
688,9484 2753 7544 1381,AMEX,1051,üzemanyag,5382368060,18282,HUF,True,47.50853,19.0997001,,1522607173.0
641,3582 2466 0292 0124,DINERS,1003,élelmiszer,5382368013,10434,HUF,True,47.4937711,19.0564734,,1522607222.0
741,2695 3066 0729 2560,VISA,1010,étterem,5382368113,8047,HUF,True,47.5050979,19.0504007,,1522607380.0
217,0396 6537 2573 4657,VISA,1041,elektronikai,5382367589,96712,HUF,True,47.4955751,19.0689243,,1522607395.0
599,6320 8765 6230 0132,DINERS,1001,élelmiszer,5382367971,7670,HUF,True,47.4993318,19.0237523,,1522607462.0
53,7881 8518 5745 8746,MASTERCARD,1081,utazás,5382367425,176508,HUF,True,47.492694,19.053128,,1522607497.0
50,2968 4233 7834 4348,MAESTRO,1082,utazás,5382367422,94802,HUF,True,47.49721,19.0488859,,1522607676.0
168,1423 4589 8911 9803,AMEX,1002,élelmiszer,5382367540,21379,HUF,True,47.50098,19.0593837,,1522607902.0
292,3838 2073 5821 2331,JCB,1032,egészség,5382367664,6262,HUF,True,47.510766,19.0513418,,1522607985.0
63,9139 6692 9105 8146,MAESTRO,1080,utazás,5382367435,121968,HUF,True,47.499512,19.053063,,1522608028.0
259,1838 9155 0653 0480,AMEX,1011,étterem,5382367631,3427,HUF,True,47.4861163,19.0647328,,1522608082.0
756,5994 2646 6997 1420,DINERS,1030,egészség,5382368128,37162,HUF,True,47.5065185,19.1019453,,1522608090.0
218,0396 6537 2573 4657,VISA,1020,ruházat,5382367590,20927,HUF,True,7.5132144,19.0568654,,1522608118.0
70,9747 9807 4197 5238,JCB,1032,egészség,5382367442,26034,HUF,True,47.510766,19.0513418,,1522608379.0
157,6989 1231 9425 4901,VISA,1061,szórakozás,5382367529,5237,HUF,True,47.4936625,19.0526852,,1522608425.0
4,4786 6576 8757 2892,JCB,1082,utazás,5382367376,310902,HUF,True,47.49721,19.0488859,,1522608447.0
299,2048 8394 2499 0883,MAESTRO,1082,utazás,5382367671,53972,HUF,True,47.49721,19.0488859,,1522608504.0
725,4062 7308 2737 6939,DINERS,1060,szórakozás,5382368097,6369,HUF,True,47.5031823,19.0621811,,1522608547.0
686,0334 4321 1043 0589,VISA,1052,üzemanyag,5382368058,17971,HUF,True,47.558184,19.07439,,1522608579.0
183,8232 1719 3068 5960,MAESTRO,1010,étterem,5382367555,2554,HUF,True,47.5050979,19.0504007,,1522608828.0
459,2609 8132 4446 3605,AMEX,1041,elektronikai,5382367831,50461,HUF,True,47.4955751,19.0689243,,1522608852.0
335,6802 3815 7284 7323,MAESTRO,1031,egészség,5382367707,4217,HUF,True,47.4999491,19.0571779,,1522608864.0
747,3330 1032 1829 4542,AMEX,1001,élelmiszer,5382368119,8965,HUF,True,47.4993318,19.0237523,,1522609046.0
37,2882 7191 8185 7940,AMEX,1060,szórakozás,5382367409,4994,HUF,True,47.5031823,19.0621811,,1522609172.0
537,5536 9991 4371 8915,MAESTRO,1051,üzemanyag,5382367909,19288,HUF,True,47.50853,19.0997001,,1522609184.0
691,1309 4030 1655 7049,MASTERCARD,1001,élelmiszer,5382368063,22837,HUF,True,47.4993318,19.0237523,,1522609223.0
322,0755 3950 8487 7015,VISA,1080,utazás,5382367694,57703,HUF,True,47.499512,19.053063,,1522609231.0
500,3277 9307 1801 5914,AMEX,1022,ruházat,5382367872,17834,HUF,True,47.511583,19.035859,,1522609568.0
27,4081 2956 7848 2159,DINERS,1010,étterem,5382367399,2598,HUF,True,47.5050979,19.0504007,,1522609609.0
591,6183 4516 0522 5589,MASTERCARD,1052,üzemanyag,5382367963,8620,HUF,True,47.558184,19.07439,,1522609641.0
661,3082 8495 9579 7550,JCB,1011,étterem,5382368033,4570,HUF,True,47.4861163,19.0647328,,1522609725.0
456,2609 8132 4446 3605,AMEX,1052,üzemanyag,5382367828,6217,HUF,True,47.558184,19.07439,,1522609988.0
308,3870 6905 4371 0882,MAESTRO,1060,szórakozás,5382367680,7973,HUF,True,47.5031823,19.0621811,,1522609994.0
486,7534 3266 5883 0437,VISA,1021,ruházat,5382367858,11663,HUF,True,47.5024646,19.1347594,,1522610075.0
717,0978 5823 5510 0492,JCB,1070,könyv,5382368089,4944,HUF,True,47.5042391,19.0599304,,1522610081.0
720,2000 6888 3149 4438,MASTERCARD,1062,szórakozás,5382368092,7163,HUF,True,47.4771073,19.0602603,,1522610126.0
448,9484 2753 7544 1381,AMEX,1041,elektronikai,5382367820,33570,HUF,True,47.4955751,19.0689243,,1522610355.0
775,1838 9155 0653 0480,AMEX,1022,ruházat,5382368147,11735,HUF,True,47.511583,19.035859,,1522610477.0
597,7823 3162 6567 9018,MASTERCARD,1022,ruházat,5382367969,18704,HUF,True,47.511583,19.035859,,1522610868.0
362,8377 0315 3644 7046,VISA,1051,üzemanyag,5382367734,16192,HUF,True,47.50853,19.0997001,,1522610914.0
352,8518 5246 1391 4191,JCB,1042,elektronikai,5382367724,175698,HUF,True,47.517732,19.141521,,1522610958.0
166,2048 8394 2499 0883,MAESTRO,1052,üzemanyag,5382367538,14036,HUF,True,47.558184,19.07439,,1522611174.0
598,6386 4837 5536 7863,JCB,1002,élelmiszer,5382367970,12942,HUF,True,47.50098,19.0593837,,1522611203.0
300,0848 0619 2206 9236,MASTERCARD,1011,étterem,5382367672,3273,HUF,True,47.4861163,19.0647328,,1522611246.0
520,0777 3445 6344 1477,JCB,1031,egészség,5382367892,21153,HUF,True,47.4999491,19.0571779,,1522611281.0
234,5174 2201 1229 1620,VISA,1080,utazás,5382367606,277571,HUF,True,47.499512,19.053063,,1522611610.0
382,1827 8668 3082 8609,JCB,1021,ruházat,5382367754,14290,HUF,True,47.5024646,19.1347594,,1522611618.0
156,6989 1231 9425 4901,VISA,1003,élelmiszer,5382367528,34130,HUF,True,47.4937711,19.0564734,,1522611858.0
43,2517 8944 6912 4050,MAESTRO,1022,ruházat,5382367415,23991,HUF,True,47.511583,19.035859,,1522611936.0
391,0157 8887 6142 0844,AMEX,1031,egészség,5382367763,39648,HUF,True,47.4999491,19.0571779,,1522611958.0
41,2882 7191 8185 7940,AMEX,1061,szórakozás,5382367413,4789,HUF,True,47.4936625,19.0526852,,1522611980.0
530,1681 9537 7675 0427,VISA,1040,elektronikai,5382367902,159271,HUF,True,47.4983895,19.0913913,,1522612035.0
93,8579 3241 8880 2598,DINERS,1001,élelmiszer,5382367465,30921,HUF,True,47.4993318,19.0237523,,1522612108.0
742,2048 8394 2499 0883,MAESTRO,1010,étterem,5382368114,2488,HUF,True,47.5050979,19.0504007,,1522612251.0
3,4786 6576 8757 2892,JCB,1022,ruházat,5382367375,25341,HUF,True,47.511583,19.035859,,1522612265.0
584,2349 9546 5117 2569,MAESTRO,1011,étterem,5382367956,6057,HUF,True,47.4861163,19.0647328,,1522612376.0
603,8880 5795 7614 8511,JCB,1003,élelmiszer,5382367975,37154,HUF,True,47.4937711,19.0564734,,1522612466.0
615,5994 2646 6997 1420,DINERS,1050,üzemanyag,5382367987,13041,HUF,True,47.5135858,19.1208947,,1522612551.0
89,7075 3772 0425 6094,MASTERCARD,1060,szórakozás,5382367461,6046,HUF,True,47.5031823,19.0621811,,1522612649.0
47,2968 4233 7834 4348,MAESTRO,1031,egészség,5382367419,28929,HUF,True,47.4999491,19.0571779,,1522612754.0
646,3582 2466 0292 0124,DINERS,1052,üzemanyag,5382368018,7758,HUF,True,47.558184,19.07439,,1522612787.0
628,3238 5511 9696 4050,AMEX,1032,egészség,5382368000,32777,HUF,True,47.510766,19.0513418,,1522612793.0
779,7569 1704 7079 9556,VISA,1042,elektronikai,5382368151,95022,HUF,True,47.517732,19.141521,,1522612837.0
286,1918 1985 2126 8326,MAESTRO,1060,szórakozás,5382367658,2699,HUF,True,47.5031823,19.0621811,,1522612878.0
488,7534 3266 5883 0437,VISA,1011,étterem,5382367860,9835,HUF,True,47.4861163,19.0647328,,1522612938.0
369,4566 4417 2318 2220,DINERS,1032,egészség,5382367741,28791,HUF,True,47.510766,19.0513418,,1522613270.0
438,7962 3326 8922 5822,DINERS,1003,élelmiszer,5382367810,32387,HUF,True,47.4937711,19.0564734,,1522613429.0
26,4081 2956 7848 2159,DINERS,1040,elektronikai,5382367398,197703,HUF,True,47.4983895,19.0913913,,1522613472.0
278,1918 1985 2126 8326,MAESTRO,1020,ruházat,5382367650,7794,HUF,True,7.5132144,19.0568654,,1522613671.0
479,2114 8487 0266 5796,MAESTRO,1011,étterem,5382367851,2962,HUF,True,47.4861163,19.0647328,,1522613843.0
211,1309 4030 1655 7049,MASTERCARD,1041,elektronikai,5382367583,123222,HUF,True,47.4955751,19.0689243,,1522613908.0
240,3457 2300 0038 4393,AMEX,1001,élelmiszer,5382367612,12744,HUF,True,47.4993318,19.0237523,,1522614056.0
467,8444 8448 5215 1561,MAESTRO,1031,egészség,5382367839,39491,HUF,True,47.4999491,19.0571779,,1522614130.0
678,2609 8132 4446 3605,AMEX,1042,elektronikai,5382368050,91396,HUF,True,47.517732,19.141521,,1522614196.0
213,7165 9354 8659 8699,JCB,1050,üzemanyag,5382367585,6377,HUF,True,47.5135858,19.1208947,,1522614211.0
109,7472 3437 2448 1921,MAESTRO,1030,egészség,5382367481,30437,HUF,True,47.5065185,19.1019453,,1522614370.0
365,8377 0315 3644 7046,VISA,1050,üzemanyag,5382367737,6033,HUF,True,47.5135858,19.1208947,,1522614384.0
403,6305 5746 4340 0704,JCB,1032,egészség,5382367775,6221,HUF,True,47.510766,19.0513418,,1522614496.0
491,3277 9307 1801 5914,AMEX,1021,ruházat,5382367863,5608,HUF,True,47.5024646,19.1347594,,1522614569.0
150,1438 6980 2380 5288,VISA,1040,elektronikai,5382367522,81237,HUF,True,47.4983895,19.0913913,,1522614841.0
105,6585 8089 0574 9913,VISA,1072,könyv,5382367477,2181,HUF,True,47.496119,19.066945,,1522615053.0
298,3838 2073 5821 2331,JCB,1040,elektronikai,5382367670,69968,HUF,True,47.4983895,19.0913913,,1522615260.0
389,0157 8887 6142 0844,AMEX,1081,utazás,5382367761,343743,HUF,True,47.492694,19.053128,,1522615358.0
424,5973 6759 4486 8533,AMEX,1061,szórakozás,5382367796,5446,HUF,True,47.4936625,19.0526852,,1522615379.0
656,5586 8728 8505 5951,MAESTRO,1031,egészség,5382368028,36256,HUF,True,47.4999491,19.0571779,,1522615395.0
490,3277 9307 1801 5914,AMEX,1020,ruházat,5382367862,15840,HUF,True,7.5132144,19.0568654,,1522615529.0
576,1037 4812 7614 5533,AMEX,1002,élelmiszer,5382367948,30906,HUF,True,47.50098,19.0593837,,1522615596.0
330,6802 3815 7284 7323,MAESTRO,1041,elektronikai,5382367702,45095,HUF,True,47.4955751,19.0689243,,1522615704.0
673,2235 7547 3240 7056,JCB,1072,könyv,5382368045,2248,HUF,True,47.496119,19.066945,,1522615756.0
316,0755 3950 8487 7015,VISA,1062,szórakozás,5382367688,2228,HUF,True,47.4771073,19.0602603,,1522615773.0
193,1920 0540 5425 1103,JCB,1081,utazás,5382367565,249570,HUF,True,47.492694,19.053128,,1522616034.0
449,9484 2753 7544 1381,AMEX,1070,könyv,5382367821,4502,HUF,True,47.5042391,19.0599304,,1522616256.0
46,2968 4233 7834 4348,MAESTRO,1040,elektronikai,5382367418,139857,HUF,True,47.4983895,19.0913913,,1522616483.0
637,3582 2466 0292 0124,DINERS,1051,üzemanyag,5382368009,16060,HUF,True,47.50853,19.0997001,,1522616547.0
273,8846 3464 1887 1747,JCB,1012,étterem,5382367645,7326,HUF,True,47.5098377,19.0981019,,1522616618.0
42,2085 4043 2466 0645,MAESTRO,1001,élelmiszer,5382367414,3594,HUF,True,47.4993318,19.0237523,,1522616664.0
664,3082 8495 9579 7550,JCB,1081,utazás,5382368036,72388,HUF,True,47.492694,19.053128,,1522616746.0
295,3838 2073 5821 2331,JCB,1042,elektronikai,5382367667,214361,HUF,True,47.517732,19.141521,,1522616767.0
791,4683 2215 0067 7603,DINERS,1080,utazás,5382368163,189954,HUF,True,47.499512,19.053063,,1522617059.0
596,7823 3162 6567 9018,MASTERCARD,1082,utazás,5382367968,273742,HUF,True,47.49721,19.0488859,,1522617066.0
370,7905 0064 7501 4320,AMEX,1071,könyv,5382367742,2423,HUF,True,47.5085084,19.0194369,,1522617104.0
203,0109 6594 4711 0506,DINERS,1060,szórakozás,5382367575,5661,HUF,True,47.5031823,19.0621811,,1522617227.0
409,9183 1014 4856 1907,MASTERCARD,1030,egészség,5382367781,23255,HUF,True,47.5065185,19.1019453,,1522617287.0
390,0157 8887 6142 0844,AMEX,1060,szórakozás,5382367762,6587,HUF,True,47.5031823,19.0621811,,1522617402.0
669,2235 7547 3240 7056,JCB,1032,egészség,5382368041,28849,HUF,True,47.510766,19.0513418,,1522617549.0
618,5994 2646 6997 1420,DINERS,1031,egészség,5382367990,12329,HUF,True,47.4999491,19.0571779,,1522617759.0
223,7855 3786 1229 3923,MASTERCARD,1011,étterem,5382367595,5728,HUF,True,47.4861163,19.0647328,,1522617829.0
163,8920 6726 5399 6195,VISA,1030,egészség,5382367535,38788,HUF,True,47.5065185,19.1019453,,1522617841.0
358,2916 3653 7303 0292,AMEX,1032,egészség,5382367730,26310,HUF,True,47.510766,19.0513418,,1522617863.0
49,2968 4233 7834 4348,MAESTRO,1032,egészség,5382367421,27824,HUF,True,47.510766,19.0513418,,1522618015.0
12,7984 9079 3341 7433,VISA,1080,utazás,5382367384,331724,HUF,True,47.499512,19.053063,,1522618038.0
80,3636 1885 5884 0264,AMEX,1011,étterem,5382367452,6128,HUF,True,47.4861163,19.0647328,,1522618200.0
447,9484 2753 7544 1381,AMEX,1010,étterem,5382367819,5976,HUF,True,47.5050979,19.0504007,,1522618747.0
161,6261 9688 9464 2300,VISA,1001,élelmiszer,5382367533,11144,HUF,True,47.4993318,19.0237523,,1522618767.0
121,0885 2850 1145 5527,DINERS,1060,szórakozás,5382367493,1641,HUF,True,47.5031823,19.0621811,,1522618779.0
761,0885 2850 1145 5527,DINERS,1061,szórakozás,5382368133,2825,HUF,True,47.4936625,19.0526852,,1522618944.0
774,1838 9155 0653 0480,AMEX,1061,szórakozás,5382368146,7962,HUF,True,47.4936625,19.0526852,,1522618986.0
185,8232 1719 3068 5960,MAESTRO,1050,üzemanyag,5382367557,8186,HUF,True,47.5135858,19.1208947,,1522619225.0
577,1037 4812 7614 5533,AMEX,1032,egészség,5382367949,37359,HUF,True,47.510766,19.0513418,,1522619246.0
531,1681 9537 7675 0427,VISA,1022,ruházat,5382367903,7595,HUF,True,47.511583,19.035859,,1522619288.0
395,0157 8887 6142 0844,AMEX,1061,szórakozás,5382367767,6790,HUF,True,47.4936625,19.0526852,,1522619380.0
387,1827 8668 3082 8609,JCB,1041,elektronikai,5382367759,202834,HUF,True,47.4955751,19.0689243,,1522619481.0
265,1417 9381 7629 7494,AMEX,1040,elektronikai,5382367637,167077,HUF,True,47.4983895,19.0913913,,1522619487.0
762,0885 2850 1145 5527,DINERS,1032,egészség,5382368134,30506,HUF,True,47.510766,19.0513418,,1522619508.0
386,1827 8668 3082 8609,JCB,1061,szórakozás,5382367758,5072,HUF,True,47.4936625,19.0526852,,1522619905.0
464,8444 8448 5215 1561,MAESTRO,1080,utazás,5382367836,135511,HUF,True,47.499512,19.053063,,1522620350.0
518,6320 8765 6230 0132,DINERS,1003,élelmiszer,5382367890,3820,HUF,True,47.4937711,19.0564734,,1522620634.0
419,0113 0820 0716 4586,MASTERCARD,1031,egészség,5382367791,32689,HUF,True,47.4999491,19.0571779,,1522620859.0
33,5356 4308 6635 6957,MAESTRO,1081,utazás,5382367405,197972,HUF,True,47.492694,19.053128,,1522620894.0
557,6522 6315 4569 7791,JCB,1030,egészség,5382367929,31209,HUF,True,47.5065185,19.1019453,,1522620943.0
793,3869 5019 5449 9883,VISA,1050,üzemanyag,5382368165,11553,HUF,True,47.5135858,19.1208947,,1522620970.0
645,3582 2466 0292 0124,DINERS,1003,élelmiszer,5382368017,20752,HUF,True,47.4937711,19.0564734,,1522620983.0
19,6305 5746 4340 0704,JCB,1061,szórakozás,5382367391,4765,HUF,True,47.4936625,19.0526852,,1522621008.0
485,2215 3804 4290 8873,MASTERCARD,1020,ruházat,5382367857,26200,HUF,True,7.5132144,19.0568654,,1522621021.0
344,8518 5246 1391 4191,JCB,1030,egészség,5382367716,19084,HUF,True,47.5065185,19.1019453,,1522621181.0
653,3082 8495 9579 7550,JCB,1040,elektronikai,5382368025,221231,HUF,True,47.4983895,19.0913913,,1522621224.0
671,2235 7547 3240 7056,JCB,1070,könyv,5382368043,3431,HUF,True,47.5042391,19.0599304,,1522621319.0
528,1681 9537 7675 0427,VISA,1050,üzemanyag,5382367900,14028,HUF,True,47.5135858,19.1208947,,1522621389.0
324,0755 3950 8487 7015,VISA,1031,egészség,5382367696,28525,HUF,True,47.4999491,19.0571779,,1522621594.0
497,3277 9307 1801 5914,AMEX,1040,elektronikai,5382367869,30062,HUF,True,47.4983895,19.0913913,,1522621823.0
696,5127 5238 1079 9542,VISA,1072,könyv,5382368068,6308,HUF,True,47.496119,19.066945,,1522621850.0
239,3457 2300 0038 4393,AMEX,1081,utazás,5382367611,174681,HUF,True,47.492694,19.053128,,1522621960.0
502,6466 1718 5890 4069,JCB,1062,szórakozás,5382367874,1709,HUF,True,47.4771073,19.0602603,,1522621966.0
198,1970 7083 2155 4162,DINERS,1030,egészség,5382367570,2087,HUF,True,47.5065185,19.1019453,,1522622122.0
192,1920 0540 5425 1103,JCB,1061,szórakozás,5382367564,6817,HUF,True,47.4936625,19.0526852,,1522622255.0
767,7199 9701 4406 9813,VISA,1041,elektronikai,5382368139,86512,HUF,True,47.4955751,19.0689243,,1522622310.0
773,7199 9701 4406 9813,VISA,1040,elektronikai,5382368145,144756,HUF,True,47.4983895,19.0913913,,1522622330.0
264,1417 9381 7629 7494,AMEX,1022,ruházat,5382367636,14327,HUF,True,47.511583,19.035859,,1522622350.0
375,4102 8178 2671 7699,VISA,1080,utazás,5382367747,286147,HUF,True,47.499512,19.053063,,1522622404.0
785,4335 5657 4466 8801,MAESTRO,1050,üzemanyag,5382368157,5572,HUF,True,47.5135858,19.1208947,,1522622717.0
733,2505 4687 2263 1389,AMEX,1071,könyv,5382368105,4908,HUF,True,47.5085084,19.0194369,,1522622764.0
182,7472 3437 2448 1921,MAESTRO,1010,étterem,5382367554,3086,HUF,True,47.5050979,19.0504007,,1522622772.0
587,2349 9546 5117 2569,MAESTRO,1012,étterem,5382367959,8482,HUF,True,47.5098377,19.0981019,,1522622964.0
245,0985 0563 1861 7839,AMEX,1042,elektronikai,5382367617,153097,HUF,True,47.517732,19.141521,,1522623053.0
441,7962 3326 8922 5822,DINERS,1002,élelmiszer,5382367813,19992,HUF,True,47.50098,19.0593837,,1522623336.0
55,3097 2719 2344 1132,DINERS,1012,étterem,5382367427,7640,HUF,True,47.5098377,19.0981019,,1522623368.0
85,3636 1885 5884 0264,AMEX,1020,ruházat,5382367457,19117,HUF,True,7.5132144,19.0568654,,1522623399.0
140,1153 9130 4709 4571,JCB,1040,elektronikai,5382367512,201315,HUF,True,47.4983895,19.0913913,,1522623567.0
261,1417 9381 7629 7494,AMEX,1030,egészség,5382367633,2553,HUF,True,47.5065185,19.1019453,,1522623607.0
511,2168 8766 1984 8431,JCB,1052,üzemanyag,5382367883,14360,HUF,True,47.558184,19.07439,,1522623665.0
181,7472 3437 2448 1921,MAESTRO,1001,élelmiszer,5382367553,36347,HUF,True,47.4993318,19.0237523,,1522623747.0
189,1920 0540 5425 1103,JCB,1002,élelmiszer,5382367561,18677,HUF,True,47.50098,19.0593837,,1522623769.0
90,7075 3772 0425 6094,MASTERCARD,1010,étterem,5382367462,5203,HUF,True,47.5050979,19.0504007,,1522623831.0
676,6170 7830 0693 6941,DINERS,1082,utazás,5382368048,89701,HUF,True,47.49721,19.0488859,,1522624219.0
745,2048 8394 2499 0883,MAESTRO,1052,üzemanyag,5382368117,12604,HUF,True,47.558184,19.07439,,1522624306.0
210,1309 4030 1655 7049,MASTERCARD,1081,utazás,5382367582,65579,HUF,True,47.492694,19.053128,,1522624379.0
563,3784 6459 1912 8757,AMEX,1002,élelmiszer,5382367935,17780,HUF,True,47.50098,19.0593837,,1522624534.0
544,9874 8862 7579 7955,DINERS,1081,utazás,5382367916,231626,HUF,True,47.492694,19.053128,,1522624690.0
572,5245 9749 2970 2292,MAESTRO,1050,üzemanyag,5382367944,7151,HUF,True,47.5135858,19.1208947,,1522624756.0
404,1133 0492 2952 3720,DINERS,1071,könyv,5382367776,6960,HUF,True,47.5085084,19.0194369,,1522624775.0
458,2609 8132 4446 3605,AMEX,1050,üzemanyag,5382367830,12916,HUF,True,47.5135858,19.1208947,,1522624827.0
751,3330 1032 1829 4542,AMEX,1011,étterem,5382368123,4330,HUF,True,47.4861163,19.0647328,,1522625007.0
700,5127 5238 1079 9542,VISA,1011,étterem,5382368072,2640,HUF,True,47.4861163,19.0647328,,1522625095.0
600,6825 8457 2840 1009,JCB,1012,étterem,5382367972,5748,HUF,True,47.5098377,19.0981019,,1522625168.0
304,0848 0619 2206 9236,MASTERCARD,1050,üzemanyag,5382367676,12031,HUF,True,47.5135858,19.1208947,,1522625250.0
755,3330 1032 1829 4542,AMEX,1032,egészség,5382368127,16339,HUF,True,47.510766,19.0513418,,1522625946.0
348,8518 5246 1391 4191,JCB,1010,étterem,5382367720,7118,HUF,True,47.5050979,19.0504007,,1522626055.0
167,3555 6884 9851 3164,MASTERCARD,1072,könyv,5382367539,5525,HUF,True,47.496119,19.066945,,1522626091.0
349,8518 5246 1391 4191,JCB,1052,üzemanyag,5382367721,10743,HUF,True,47.558184,19.07439,,1522626212.0
32,5356 4308 6635 6957,MAESTRO,1080,utazás,5382367404,179367,HUF,True,47.499512,19.053063,,1522626361.0
361,8377 0315 3644 7046,VISA,1002,élelmiszer,5382367733,14460,HUF,True,47.50098,19.0593837,,1522626381.0
726,9091 0145 3126 3066,AMEX,1080,utazás,5382368098,276628,HUF,True,47.499512,19.053063,,1522626390.0
196,1970 7083 2155 4162,DINERS,1022,ruházat,5382367568,20387,HUF,True,47.511583,19.035859,,1522626450.0
425,5973 6759 4486 8533,AMEX,1081,utazás,5382367797,175152,HUF,True,47.492694,19.053128,,1522626555.0
139,1153 9130 4709 4571,JCB,1082,utazás,5382367511,199326,HUF,True,47.49721,19.0488859,,1522626664.0
752,3330 1032 1829 4542,AMEX,1071,könyv,5382368124,3524,HUF,True,47.5085084,19.0194369,,1522626743.0
115,2098 9490 7255 8249,AMEX,1051,üzemanyag,5382367487,12098,HUF,True,47.50853,19.0997001,,1522626894.0
523,0387 2260 3500 6275,VISA,1080,utazás,5382367895,69492,HUF,True,47.499512,19.053063,,1522626900.0
309,0775 9209 2707 8724,MASTERCARD,1070,könyv,5382367681,2037,HUF,True,47.5042391,19.0599304,,1522627011.0
710,0978 5823 5510 0492,JCB,1052,üzemanyag,5382368082,6077,HUF,True,47.558184,19.07439,,1522627048.0
780,7970 0203 8410 6566,MAESTRO,1042,elektronikai,5382368152,206527,HUF,True,47.517732,19.141521,,1522627129.0
634,2574 8099 7495 5565,VISA,1041,elektronikai,5382368006,39925,HUF,True,47.4955751,19.0689243,,1522627357.0
789,9075 6160 9749 6925,MAESTRO,1062,szórakozás,5382368161,3288,HUF,True,47.4771073,19.0602603,,1522627367.0
505,6466 1718 5890 4069,JCB,1081,utazás,5382367877,51781,HUF,True,47.492694,19.053128,,1522627454.0
471,4624 0438 3385 3402,MASTERCARD,1040,elektronikai,5382367843,211609,HUF,True,47.4983895,19.0913913,,1522627468.0
723,0542 2176 0018 0458,AMEX,1012,étterem,5382368095,6441,HUF,True,47.5098377,19.0981019,,1522627507.0
516,6320 8765 6230 0132,DINERS,1042,elektronikai,5382367888,77296,HUF,True,47.517732,19.141521,,1522627598.0
612,8232 1719 3068 5960,MAESTRO,1001,élelmiszer,5382367984,5294,HUF,True,47.4993318,19.0237523,,1522627660.0
59,2322 8881 3983 1904,DINERS,1051,üzemanyag,5382367431,17903,HUF,True,47.50853,19.0997001,,1522627693.0
704,5127 5238 1079 9542,VISA,1081,utazás,5382368076,65174,HUF,True,47.492694,19.053128,,1522627781.0
715,0978 5823 5510 0492,JCB,1002,élelmiszer,5382368087,27022,HUF,True,47.50098,19.0593837,,1522627904.0
171,3334 3406 8767 7912,DINERS,1041,elektronikai,5382367543,97316,HUF,True,47.4955751,19.0689243,,1522627930.0
638,3582 2466 0292 0124,DINERS,1080,utazás,5382368010,146127,HUF,True,47.499512,19.053063,,1522627978.0
797,8412 6160 8770 6892,AMEX,1032,egészség,5382368169,30793,HUF,True,47.510766,19.0513418,,1522628227.0
757,5994 2646 6997 1420,DINERS,1050,üzemanyag,5382368129,9180,HUF,True,47.5135858,19.1208947,,1522628257.0
665,3082 8495 9579 7550,JCB,1051,üzemanyag,5382368037,9613,HUF,True,47.50853,19.0997001,,1522628341.0
7,4062 7308 2737 6939,DINERS,1031,egészség,5382367379,35218,HUF,True,47.4999491,19.0571779,,1522628541.0
568,5245 9749 2970 2292,MAESTRO,1003,élelmiszer,5382367940,24918,HUF,True,47.4937711,19.0564734,,1522628743.0
23,6305 5746 4340 0704,JCB,1012,étterem,5382367395,2069,HUF,True,47.5098377,19.0981019,,1522628838.0
651,3082 8495 9579 7550,JCB,1032,egészség,5382368023,28059,HUF,True,47.510766,19.0513418,,1522628877.0
175,3334 3406 8767 7912,DINERS,1051,üzemanyag,5382367547,9533,HUF,True,47.50853,19.0997001,,1522628884.0
604,8880 5795 7614 8511,JCB,1020,ruházat,5382367976,18593,HUF,True,7.5132144,19.0568654,,1522628884.0
242,2674 0052 6602 1053,MASTERCARD,1052,üzemanyag,5382367614,9424,HUF,True,47.558184,19.07439,,1522629063.0
494,3277 9307 1801 5914,AMEX,1001,élelmiszer,5382367866,18789,HUF,True,47.4993318,19.0237523,,1522629129.0
411,9183 1014 4856 1907,MASTERCARD,1061,szórakozás,5382367783,2032,HUF,True,47.4936625,19.0526852,,1522629133.0
697,5127 5238 1079 9542,VISA,1001,élelmiszer,5382368069,32953,HUF,True,47.4993318,19.0237523,,1522629181.0
333,6802 3815 7284 7323,MAESTRO,1022,ruházat,5382367705,14316,HUF,True,47.511583,19.035859,,1522629831.0
160,6261 9688 9464 2300,VISA,1003,élelmiszer,5382367532,19071,HUF,True,47.4937711,19.0564734,,1522629954.0
567,5245 9749 2970 2292,MAESTRO,1031,egészség,5382367939,19586,HUF,True,47.4999491,19.0571779,,1522630335.0
291,3838 2073 5821 2331,JCB,1041,elektronikai,5382367663,232859,HUF,True,47.4955751,19.0689243,,1522630396.0
610,8232 1719 3068 5960,MAESTRO,1002,élelmiszer,5382367982,5404,HUF,True,47.50098,19.0593837,,1522630410.0
360,8377 0315 3644 7046,VISA,1082,utazás,5382367732,266046,HUF,True,47.49721,19.0488859,,1522630524.0
214,9016 2478 7381 9766,VISA,1051,üzemanyag,5382367586,13455,HUF,True,47.50853,19.0997001,,1522630608.0
21,6305 5746 4340 0704,JCB,1031,egészség,5382367393,1887,HUF,True,47.4999491,19.0571779,,1522630610.0
282,1918 1985 2126 8326,MAESTRO,1040,elektronikai,5382367654,168536,HUF,True,47.4983895,19.0913913,,1522630643.0
470,4624 0438 3385 3402,MASTERCARD,1071,könyv,5382367842,3079,HUF,True,47.5085084,19.0194369,,1522630719.0
327,6802 3815 7284 7323,MAESTRO,1011,étterem,5382367699,2085,HUF,True,47.4861163,19.0647328,,1522630768.0
339,6226 6809 8191 9894,DINERS,1012,étterem,5382367711,9981,HUF,True,47.5098377,19.0981019,,1522630832.0
251,1236 7456 2612 4651,AMEX,1061,szórakozás,5382367623,4783,HUF,True,47.4936625,19.0526852,,1522630930.0
314,1408 3152 3603 6314,AMEX,1040,elektronikai,5382367686,118321,HUF,True,47.4983895,19.0913913,,1522630967.0
290,3838 2073 5821 2331,JCB,1070,könyv,5382367662,5460,HUF,True,47.5042391,19.0599304,,1522631020.0
288,1918 1985 2126 8326,MAESTRO,1003,élelmiszer,5382367660,30220,HUF,True,47.4937711,19.0564734,,1522631025.0
620,1777 9355 5006 9141,MAESTRO,1071,könyv,5382367992,2183,HUF,True,47.5085084,19.0194369,,1522631217.0
430,0775 9209 2707 8724,MASTERCARD,1032,egészség,5382367802,34373,HUF,True,47.510766,19.0513418,,1522631297.0
635,2574 8099 7495 5565,VISA,1010,étterem,5382368007,3980,HUF,True,47.5050979,19.0504007,,1522631438.0
253,5304 5053 2002 0549,AMEX,1032,egészség,5382367625,29524,HUF,True,47.510766,19.0513418,,1522631648.0
667,6230 1417 9854 0543,AMEX,1031,egészség,5382368039,31628,HUF,True,47.4999491,19.0571779,,1522631652.0
602,8880 5795 7614 8511,JCB,1080,utazás,5382367974,93870,HUF,True,47.499512,19.053063,,1522631670.0
336,9998 2266 0348 9086,VISA,1072,könyv,5382367708,6881,HUF,True,47.496119,19.066945,,1522631779.0
772,7199 9701 4406 9813,VISA,1050,üzemanyag,5382368144,15030,HUF,True,47.5135858,19.1208947,,1522631975.0
738,2695 3066 0729 2560,VISA,1002,élelmiszer,5382368110,16690,HUF,True,47.50098,19.0593837,,1522632052.0
263,1417 9381 7629 7494,AMEX,1011,étterem,5382367635,3537,HUF,True,47.4861163,19.0647328,,1522632065.0
450,2609 8132 4446 3605,AMEX,1071,könyv,5382367822,3127,HUF,True,47.5085084,19.0194369,,1522632070.0
753,3330 1032 1829 4542,AMEX,1002,élelmiszer,5382368125,35913,HUF,True,47.50098,19.0593837,,1522632102.0
796,0666 9569 8944 6778,VISA,1022,ruházat,5382368168,14839,HUF,True,47.511583,19.035859,,1522632118.0
581,2349 9546 5117 2569,MAESTRO,1022,ruházat,5382367953,26200,HUF,True,47.511583,19.035859,,1522632147.0
119,0885 2850 1145 5527,DINERS,1062,szórakozás,5382367491,2454,HUF,True,47.4771073,19.0602603,,1522632535.0
481,3680 0104 7187 0286,AMEX,1071,könyv,5382367853,5165,HUF,True,47.5085084,19.0194369,,1522632690.0
695,5127 5238 1079 9542,VISA,1012,étterem,5382368067,5609,HUF,True,47.5098377,19.0981019,,1522632714.0
190,1920 0540 5425 1103,JCB,1003,élelmiszer,5382367562,35424,HUF,True,47.4937711,19.0564734,,1522632807.0
318,0755 3950 8487 7015,VISA,1030,egészség,5382367690,19351,HUF,True,47.5065185,19.1019453,,1522632992.0
462,8444 8448 5215 1561,MAESTRO,1001,élelmiszer,5382367834,29877,HUF,True,47.4993318,19.0237523,,1522633108.0
546,9874 8862 7579 7955,DINERS,1011,étterem,5382367918,6560,HUF,True,47.4861163,19.0647328,,1522633218.0
501,3277 9307 1801 5914,AMEX,1022,ruházat,5382367873,16133,HUF,True,47.511583,19.035859,,1522633327.0
68,9747 9807 4197 5238,JCB,1041,elektronikai,5382367440,42297,HUF,True,47.4955751,19.0689243,,1522633459.0
366,8377 0315 3644 7046,VISA,1022,ruházat,5382367738,16231,HUF,True,47.511583,19.035859,,1522633605.0
371,7905 0064 7501 4320,AMEX,1070,könyv,5382367743,3953,HUF,True,47.5042391,19.0599304,,1522633625.0
200,1859 1886 3050 7998,MAESTRO,1021,ruházat,5382367572,17381,HUF,True,47.5024646,19.1347594,,1522634034.0
716,0978 5823 5510 0492,JCB,1031,egészség,5382368088,2838,HUF,True,47.4999491,19.0571779,,1522634051.0
250,1236 7456 2612 4651,AMEX,1031,egészség,5382367622,7766,HUF,True,47.4999491,19.0571779,,1522634128.0
52,2968 4233 7834 4348,MAESTRO,1001,élelmiszer,5382367424,37433,HUF,True,47.4993318,19.0237523,,1522634177.0
57,3097 2719 2344 1132,DINERS,1050,üzemanyag,5382367429,7055,HUF,True,47.5135858,19.1208947,,1522634235.0
230,9772 5993 8094 9554,JCB,1080,utazás,5382367602,269198,HUF,True,47.499512,19.053063,,1522634736.0
5,4786 6576 8757 2892,JCB,1031,egészség,5382367377,14553,HUF,True,47.4999491,19.0571779,,1522634816.0
16,4442 6156 0149 3973,AMEX,1003,élelmiszer,5382367388,13118,HUF,True,47.4937711,19.0564734,,1522634974.0
593,6183 4516 0522 5589,MASTERCARD,1050,üzemanyag,5382367965,16407,HUF,True,47.5135858,19.1208947,,1522635062.0
396,0157 8887 6142 0844,AMEX,1040,elektronikai,5382367768,30748,HUF,True,47.4983895,19.0913913,,1522635094.0
552,7994 1748 7111 5434,MASTERCARD,1072,könyv,5382367924,4264,HUF,True,47.496119,19.066945,,1522635388.0
158,6261 9688 9464 2300,VISA,1070,könyv,5382367530,5234,HUF,True,47.5042391,19.0599304,,1522635533.0
176,3334 3406 8767 7912,DINERS,1021,ruházat,5382367548,16173,HUF,True,47.5024646,19.1347594,,1522635670.0
408,9183 1014 4856 1907,MASTERCARD,1041,elektronikai,5382367780,194524,HUF,True,47.4955751,19.0689243,,1522635912.0
138,1153 9130 4709 4571,JCB,1081,utazás,5382367510,292577,HUF,True,47.492694,19.053128,,1522635963.0
307,0848 0619 2206 9236,MASTERCARD,1001,élelmiszer,5382367679,8738,HUF,True,47.4993318,19.0237523,,1522636070.0
135,8762 7251 1051 5659,JCB,1002,élelmiszer,5382367507,34041,HUF,True,47.50098,19.0593837,,1522636297.0
194,1920 0540 5425 1103,JCB,1061,szórakozás,5382367566,3077,HUF,True,47.4936625,19.0526852,,1522636306.0
373,4102 8178 2671 7699,VISA,1042,elektronikai,5382367745,227437,HUF,True,47.517732,19.141521,,1522636421.0
276,5341 2359 3838 5024,VISA,1071,könyv,5382367648,6531,HUF,True,47.5085084,19.0194369,,1522636441.0
709,0978 5823 5510 0492,JCB,1071,könyv,5382368081,4816,HUF,True,47.5085084,19.0194369,,1522636619.0
402,0157 8887 6142 0844,AMEX,1010,étterem,5382367774,8131,HUF,True,47.5050979,19.0504007,,1522636730.0
506,6466 1718 5890 4069,JCB,1072,könyv,5382367878,3814,HUF,True,47.496119,19.066945,,1522636751.0
410,9183 1014 4856 1907,MASTERCARD,1012,étterem,5382367782,9813,HUF,True,47.5098377,19.0981019,,1522636788.0
277,5341 2359 3838 5024,VISA,1051,üzemanyag,5382367649,6148,HUF,True,47.50853,19.0997001,,1522636800.0
504,6466 1718 5890 4069,JCB,1081,utazás,5382367876,145429,HUF,True,47.492694,19.053128,,1522636907.0
630,2574 8099 7495 5565,VISA,1041,elektronikai,5382368002,172021,HUF,True,47.4955751,19.0689243,,1522636981.0
123,0885 2850 1145 5527,DINERS,1010,étterem,5382367495,7919,HUF,True,47.5050979,19.0504007,,1522637152.0
413,9183 1014 4856 1907,MASTERCARD,1061,szórakozás,5382367785,2726,HUF,True,47.4936625,19.0526852,,1522637414.0
174,3334 3406 8767 7912,DINERS,1060,szórakozás,5382367546,2476,HUF,True,47.5031823,19.0621811,,1522637436.0
690,9019 8343 1272 5195,DINERS,1022,ruházat,5382368062,22271,HUF,True,47.511583,19.035859,,1522637479.0
271,3330 1032 1829 4542,AMEX,1060,szórakozás,5382367643,1271,HUF,True,47.5031823,19.0621811,,1522637587.0
346,8518 5246 1391 4191,JCB,1081,utazás,5382367718,105125,HUF,True,47.492694,19.053128,,1522637797.0
397,0157 8887 6142 0844,AMEX,1082,utazás,5382367769,158091,HUF,True,47.49721,19.0488859,,1522637880.0
106,6585 8089 0574 9913,VISA,1020,ruházat,5382367478,14999,HUF,True,7.5132144,19.0568654,,1522637923.0
617,5994 2646 6997 1420,DINERS,1010,étterem,5382367989,2003,HUF,True,47.5050979,19.0504007,,1522637975.0
96,7905 0064 7501 4320,AMEX,1082,utazás,5382367468,285559,HUF,True,47.49721,19.0488859,,1522638143.0
586,2349 9546 5117 2569,MAESTRO,1042,elektronikai,5382367958,161130,HUF,True,47.517732,19.141521,,1522638171.0
75,5347 6374 4785 4117,DINERS,1041,elektronikai,5382367447,156563,HUF,True,47.4955751,19.0689243,,1522638326.0
727,9091 0145 3126 3066,AMEX,1001,élelmiszer,5382368099,36523,HUF,True,47.4993318,19.0237523,,1522638503.0
776,1838 9155 0653 0480,AMEX,1030,egészség,5382368148,27844,HUF,True,47.5065185,19.1019453,,1522638605.0
178,3334 3406 8767 7912,DINERS,1040,elektronikai,5382367550,165851,HUF,True,47.4983895,19.0913913,,1522638606.0
10,3636 1885 5884 0264,AMEX,1022,ruházat,5382367382,8628,HUF,True,47.511583,19.035859,,1522638718.0
229,9772 5993 8094 9554,JCB,1072,könyv,5382367601,4471,HUF,True,47.496119,19.066945,,1522638785.0
574,5245 9749 2970 2292,MAESTRO,1071,könyv,5382367946,6874,HUF,True,47.5085084,19.0194369,,1522638838.0
616,5994 2646 6997 1420,DINERS,1011,étterem,5382367988,2131,HUF,True,47.4861163,19.0647328,,1522639002.0
164,2048 8394 2499 0883,MAESTRO,1052,üzemanyag,5382367536,6569,HUF,True,47.558184,19.07439,,1522639162.0
551,7994 1748 7111 5434,MASTERCARD,1062,szórakozás,5382367923,3029,HUF,True,47.4771073,19.0602603,,1522639227.0
107,6585 8089 0574 9913,VISA,1060,szórakozás,5382367479,7838,HUF,True,47.5031823,19.0621811,,1522639252.0
764,5507 3405 5507 5027,JCB,1002,élelmiszer,5382368136,6960,HUF,True,47.50098,19.0593837,,1522639326.0
179,3334 3406 8767 7912,DINERS,1051,üzemanyag,5382367551,15424,HUF,True,47.50853,19.0997001,,1522639700.0
627,3238 5511 9696 4050,AMEX,1040,elektronikai,5382367999,208163,HUF,True,47.4983895,19.0913913,,1522639857.0
562,6522 6315 4569 7791,JCB,1080,utazás,5382367934,297901,HUF,True,47.499512,19.053063,,1522639882.0
254,5304 5053 2002 0549,AMEX,1070,könyv,5382367626,4016,HUF,True,47.5042391,19.0599304,,1522640010.0
48,2968 4233 7834 4348,MAESTRO,1061,szórakozás,5382367420,3788,HUF,True,47.4936625,19.0526852,,1522640040.0
760,0885 2850 1145 5527,DINERS,1060,szórakozás,5382368132,2309,HUF,True,47.5031823,19.0621811,,1522640177.0
235,3457 2300 0038 4393,AMEX,1041,elektronikai,5382367607,227177,HUF,True,47.4955751,19.0689243,,1522640364.0
165,2048 8394 2499 0883,MAESTRO,1021,ruházat,5382367537,26090,HUF,True,47.5024646,19.1347594,,1522640634.0
381,4102 8178 2671 7699,VISA,1060,szórakozás,5382367753,1063,HUF,True,47.5031823,19.0621811,,1522640741.0
583,2349 9546 5117 2569,MAESTRO,1011,étterem,5382367955,8062,HUF,True,47.4861163,19.0647328,,1522640755.0
794,4201 9710 7242 1672,DINERS,1080,utazás,5382368166,156253,HUF,True,47.499512,19.053063,,1522640841.0
92,5096 3323 7253 5188,MAESTRO,1050,üzemanyag,5382367464,5710,HUF,True,47.5135858,19.1208947,,1522640999.0
76,5347 6374 4785 4117,DINERS,1012,étterem,5382367448,7696,HUF,True,47.5098377,19.0981019,,1522641350.0
146,1438 6980 2380 5288,VISA,1010,étterem,5382367518,5482,HUF,True,47.5050979,19.0504007,,1522641559.0
238,3457 2300 0038 4393,AMEX,1040,elektronikai,5382367610,179610,HUF,True,47.4983895,19.0913913,,1522641752.0
353,8518 5246 1391 4191,JCB,1060,szórakozás,5382367725,3144,HUF,True,47.5031823,19.0621811,,1522641808.0
149,1438 6980 2380 5288,VISA,1081,utazás,5382367521,282215,HUF,True,47.492694,19.053128,,1522642534.0
380,4102 8178 2671 7699,VISA,1030,egészség,5382367752,2369,HUF,True,47.5065185,19.1019453,,1522642595.0
545,9874 8862 7579 7955,DINERS,1071,könyv,5382367917,4864,HUF,True,47.5085084,19.0194369,,1522642634.0
343,8518 5246 1391 4191,JCB,1042,elektronikai,5382367715,49063,HUF,True,47.517732,19.141521,,1522642683.0
310,0775 9209 2707 8724,MASTERCARD,1080,utazás,5382367682,58584,HUF,True,47.499512,19.053063,,1522643039.0
78,5347 6374 4785 4117,DINERS,1011,étterem,5382367450,3323,HUF,True,47.4861163,19.0647328,,1522643207.0
285,1918 1985 2126 8326,MAESTRO,1003,élelmiszer,5382367657,7861,HUF,True,47.4937711,19.0564734,,1522643601.0
633,2574 8099 7495 5565,VISA,1022,ruházat,5382368005,7329,HUF,True,47.511583,19.035859,,1522643786.0
247,7203 5552 9806 3092,MAESTRO,1072,könyv,5382367619,5138,HUF,True,47.496119,19.066945,,1522643973.0
542,5536 9991 4371 8915,MAESTRO,1070,könyv,5382367914,6669,HUF,True,47.5042391,19.0599304,,1522644266.0
108,6261 9688 9464 2300,VISA,1040,elektronikai,5382367480,91970,HUF,True,47.4983895,19.0913913,,1522644404.0
766,7199 9701 4406 9813,VISA,1020,ruházat,5382368138,5525,HUF,True,7.5132144,19.0568654,,1522644428.0
759,6381 3736 2907 5871,DINERS,1081,utazás,5382368131,277138,HUF,True,47.492694,19.053128,,1522644614.0
103,6585 8089 0574 9913,VISA,1082,utazás,5382367475,270235,HUF,True,47.49721,19.0488859,,1522644813.0
321,0755 3950 8487 7015,VISA,1051,üzemanyag,5382367693,8844,HUF,True,47.50853,19.0997001,,1522644965.0
256,2719 6823 8250 7166,MASTERCARD,1051,üzemanyag,5382367628,17813,HUF,True,47.50853,19.0997001,,1522645010.0
95,7905 0064 7501 4320,AMEX,1021,ruházat,5382367467,22242,HUF,True,47.5024646,19.1347594,,1522645065.0
429,0775 9209 2707 8724,MASTERCARD,1001,élelmiszer,5382367801,31399,HUF,True,47.4993318,19.0237523,,1522645083.0
120,0885 2850 1145 5527,DINERS,1022,ruházat,5382367492,7836,HUF,True,47.511583,19.035859,,1522645256.0
169,1423 4589 8911 9803,AMEX,1060,szórakozás,5382367541,2081,HUF,True,47.5031823,19.0621811,,1522645288.0
624,1016 2011 3746 4145,VISA,1010,étterem,5382367996,2546,HUF,True,47.5050979,19.0504007,,1522645689.0
792,7947 6441 7105 7614,JCB,1021,ruházat,5382368164,16084,HUF,True,47.5024646,19.1347594,,1522645797.0
66,9747 9807 4197 5238,JCB,1082,utazás,5382367438,272546,HUF,True,47.49721,19.0488859,,1522645886.0
124,0885 2850 1145 5527,DINERS,1030,egészség,5382367496,6260,HUF,True,47.5065185,19.1019453,,1522645953.0
249,1236 7456 2612 4651,AMEX,1031,egészség,5382367621,5551,HUF,True,47.4999491,19.0571779,,1522645963.0
623,1016 2011 3746 4145,VISA,1030,egészség,5382367995,6670,HUF,True,47.5065185,19.1019453,,1522646043.0
173,3334 3406 8767 7912,DINERS,1052,üzemanyag,5382367545,10096,HUF,True,47.558184,19.07439,,1522646122.0
758,6381 3736 2907 5871,DINERS,1080,utazás,5382368130,339039,HUF,True,47.499512,19.053063,,1522646141.0
110,7472 3437 2448 1921,MAESTRO,1082,utazás,5382367482,320809,HUF,True,47.49721,19.0488859,,1522646194.0
418,0113 0820 0716 4586,MASTERCARD,1030,egészség,5382367790,15938,HUF,True,47.5065185,19.1019453,,1522646310.0
702,5127 5238 1079 9542,VISA,1030,egészség,5382368074,34285,HUF,True,47.5065185,19.1019453,,1522646316.0
61,2322 8881 3983 1904,DINERS,1003,élelmiszer,5382367433,14453,HUF,True,47.4937711,19.0564734,,1522646484.0
626,3238 5511 9696 4050,AMEX,1020,ruházat,5382367998,17581,HUF,True,7.5132144,19.0568654,,1522646621.0
503,6466 1718 5890 4069,JCB,1081,utazás,5382367875,296823,HUF,True,47.492694,19.053128,,1522646627.0
513,2168 8766 1984 8431,JCB,1071,könyv,5382367885,3307,HUF,True,47.5085084,19.0194369,,1522646929.0
592,6183 4516 0522 5589,MASTERCARD,1001,élelmiszer,5382367964,9598,HUF,True,47.4993318,19.0237523,,1522646936.0
740,2695 3066 0729 2560,VISA,1080,utazás,5382368112,274987,HUF,True,47.499512,19.053063,,1522646969.0
521,4638 1356 6140 8975,JCB,1052,üzemanyag,5382367893,8977,HUF,True,47.558184,19.07439,,1522647048.0
509,2168 8766 1984 8431,JCB,1061,szórakozás,5382367881,3799,HUF,True,47.4936625,19.0526852,,1522647131.0
765,5507 3405 5507 5027,JCB,1082,utazás,5382368137,202029,HUF,True,47.49721,19.0488859,,1522647132.0
394,0157 8887 6142 0844,AMEX,1032,egészség,5382367766,20211,HUF,True,47.510766,19.0513418,,1522647240.0
455,2609 8132 4446 3605,AMEX,1002,élelmiszer,5382367827,28743,HUF,True,47.50098,19.0593837,,1522647281.0
555,7994 1748 7111 5434,MASTERCARD,1041,elektronikai,5382367927,38727,HUF,True,47.4955751,19.0689243,,1522647303.0
311,0775 9209 2707 8724,MASTERCARD,1060,szórakozás,5382367683,2101,HUF,True,47.5031823,19.0621811,,1522647394.0
426,5973 6759 4486 8533,AMEX,1030,egészség,5382367798,32419,HUF,True,47.5065185,19.1019453,,1522647882.0
28,4081 2956 7848 2159,DINERS,1003,élelmiszer,5382367400,36738,HUF,True,47.4937711,19.0564734,,1522647958.0
611,8232 1719 3068 5960,MAESTRO,1052,üzemanyag,5382367983,5257,HUF,True,47.558184,19.07439,,1522647974.0
666,6230 1417 9854 0543,AMEX,1012,étterem,5382368038,2396,HUF,True,47.5098377,19.0981019,,1522648014.0
782,2560 9173 1736 4779,DINERS,1030,egészség,5382368154,10403,HUF,True,47.5065185,19.1019453,,1522648104.0
713,0978 5823 5510 0492,JCB,1051,üzemanyag,5382368085,11312,HUF,True,47.50853,19.0997001,,1522648165.0
711,0978 5823 5510 0492,JCB,1011,étterem,5382368083,5276,HUF,True,47.4861163,19.0647328,,1522648189.0
22,6305 5746 4340 0704,JCB,1030,egészség,5382367394,23533,HUF,True,47.5065185,19.1019453,,1522648271.0
428,0775 9209 2707 8724,MASTERCARD,1011,étterem,5382367800,3235,HUF,True,47.4861163,19.0647328,,1522648448.0
97,7905 0064 7501 4320,AMEX,1050,üzemanyag,5382367469,14603,HUF,True,47.5135858,19.1208947,,1522648659.0
672,2235 7547 3240 7056,JCB,1010,étterem,5382368044,4839,HUF,True,47.5050979,19.0504007,,1522648747.0
9,4062 7308 2737 6939,DINERS,1070,könyv,5382367381,3061,HUF,True,47.5042391,19.0599304,,1522648997.0
427,5973 6759 4486 8533,AMEX,1070,könyv,5382367799,3933,HUF,True,47.5042391,19.0599304,,1522649013.0
64,9747 9807 4197 5238,JCB,1003,élelmiszer,5382367436,33467,HUF,True,47.4937711,19.0564734,,1522649018.0
252,1236 7456 2612 4651,AMEX,1040,elektronikai,5382367624,123465,HUF,True,47.4983895,19.0913913,,1522649211.0
550,7994 1748 7111 5434,MASTERCARD,1081,utazás,5382367922,68497,HUF,True,47.492694,19.053128,,1522649290.0
73,2322 8881 3983 1904,DINERS,1040,elektronikai,5382367445,37535,HUF,True,47.4983895,19.0913913,,1522649572.0
243,2674 0052 6602 1053,MASTERCARD,1070,könyv,5382367615,6818,HUF,True,47.5042391,19.0599304,,1522649874.0
128,8762 7251 1051 5659,JCB,1031,egészség,5382367500,27732,HUF,True,47.4999491,19.0571779,,1522649876.0
498,3277 9307 1801 5914,AMEX,1072,könyv,5382367870,3702,HUF,True,47.496119,19.066945,,1522650139.0
639,3582 2466 0292 0124,DINERS,1081,utazás,5382368011,250854,HUF,True,47.492694,19.053128,,1522650216.0
707,1763 6632 3423 2417,JCB,1012,étterem,5382368079,4594,HUF,True,47.5098377,19.0981019,,1522650265.0
499,3277 9307 1801 5914,AMEX,1031,egészség,5382367871,16135,HUF,True,47.4999491,19.0571779,,1522650421.0
379,4102 8178 2671 7699,VISA,1081,utazás,5382367751,137061,HUF,True,47.492694,19.053128,,1522650564.0
698,5127 5238 1079 9542,VISA,1020,ruházat,5382368070,26992,HUF,True,7.5132144,19.0568654,,1522650729.0
31,5753 6203 8003 6263,AMEX,1011,étterem,5382367403,2306,HUF,True,47.4861163,19.0647328,,1522650747.0
340,6226 6809 8191 9894,DINERS,1032,egészség,5382367712,11460,HUF,True,47.510766,19.0513418,,1522650879.0
795,4724 4363 9855 3397,DINERS,1031,egészség,5382368167,27141,HUF,True,47.4999491,19.0571779,,1522650894.0
588,6183 4516 0522 5589,MASTERCARD,1032,egészség,5382367960,17434,HUF,True,47.510766,19.0513418,,1522650975.0
451,2609 8132 4446 3605,AMEX,1052,üzemanyag,5382367823,16391,HUF,True,47.558184,19.07439,,1522651044.0
699,5127 5238 1079 9542,VISA,1081,utazás,5382368071,333208,HUF,True,47.492694,19.053128,,1522651180.0
191,1920 0540 5425 1103,JCB,1002,élelmiszer,5382367563,16217,HUF,True,47.50098,19.0593837,,1522651299.0
573,5245 9749 2970 2292,MAESTRO,1032,egészség,5382367945,2135,HUF,True,47.510766,19.0513418,,1522651331.0
647,3582 2466 0292 0124,DINERS,1080,utazás,5382368019,312131,HUF,True,47.499512,19.053063,,1522651384.0
141,1153 9130 4709 4571,JCB,1020,ruházat,5382367513,14252,HUF,True,7.5132144,19.0568654,,1522651438.0
87,0364 5038 0346 8553,MASTERCARD,1032,egészség,5382367459,12912,HUF,True,47.510766,19.0513418,,1522651578.0
215,1292 6178 8155 3809,VISA,1030,egészség,5382367587,25924,HUF,True,47.5065185,19.1019453,,1522651604.0
81,3636 1885 5884 0264,AMEX,1071,könyv,5382367453,2419,HUF,True,47.5085084,19.0194369,,1522651928.0
60,2322 8881 3983 1904,DINERS,1051,üzemanyag,5382367432,11989,HUF,True,47.50853,19.0997001,,1522652005.0
388,0157 8887 6142 0844,AMEX,1052,üzemanyag,5382367760,8453,HUF,True,47.558184,19.07439,,1522652078.0
172,3334 3406 8767 7912,DINERS,1012,étterem,5382367544,3545,HUF,True,47.5098377,19.0981019,,1522652452.0
8,4062 7308 2737 6939,DINERS,1001,élelmiszer,5382367380,10240,HUF,True,47.4993318,19.0237523,,1522652569.0
582,2349 9546 5117 2569,MAESTRO,1011,étterem,5382367954,9587,HUF,True,47.4861163,19.0647328,,1522652632.0
749,3330 1032 1829 4542,AMEX,1082,utazás,5382368121,124134,HUF,True,47.49721,19.0488859,,1522652665.0
525,0387 2260 3500 6275,VISA,1042,elektronikai,5382367897,229112,HUF,True,47.517732,19.141521,,1522653255.0
133,8762 7251 1051 5659,JCB,1082,utazás,5382367505,112420,HUF,True,47.49721,19.0488859,,1522653466.0
548,9874 8862 7579 7955,DINERS,1051,üzemanyag,5382367920,8582,HUF,True,47.50853,19.0997001,,1522653565.0
40,2882 7191 8185 7940,AMEX,1012,étterem,5382367412,8193,HUF,True,47.5098377,19.0981019,,1522653660.0
136,8762 7251 1051 5659,JCB,1080,utazás,5382367508,235880,HUF,True,47.499512,19.053063,,1522653845.0
705,5127 5238 1079 9542,VISA,1041,elektronikai,5382368077,49409,HUF,True,47.4955751,19.0689243,,1522655289.0
